0 0 2 11 1
0 0 2 12 1
0 0 2 16 1
0 0 2 17 1
0 0 2 22 2
0 0 3 11 1
0 0 3 16 1
0 0 3 22 3
0 0 4 10 3
0 0 4 11 1
0 0 4 15 3
0 0 4 16 1
0 0 4 19 1
0 0 4 22 3
0 0 4 25 2
0 0 5 3 1
0 0 5 4 1
0 0 5 5 2
0 0 5 6 1
0 0 5 7 1
0 0 5 9 2
0 0 5 10 1
0 0 5 11 1
0 0 5 12 1
0 0 5 13 3
0 0 5 14 2
0 0 5 15 1
0 0 5 16 1
0 0 5 17 3
0 0 5 18 3
0 0 5 19 1
0 0 5 20 1
0 0 5 21 1
0 0 5 22 1
0 0 5 25 1
0 0 6 3 1
0 0 6 4 3
0 0 6 6 1
0 0 6 7 2
0 0 6 8 1
0 0 6 9 2
0 0 6 10 1
0 0 6 11 1
0 0 6 12 2
0 0 6 13 1
0 0 6 14 2
0 0 6 15 1
0 0 6 16 2
0 0 6 21 3
0 0 6 22 1
0 0 6 23 1
0 0 6 24 3
0 0 6 25 1
0 0 6 26 1
0 0 7 2 2
0 0 7 3 1
0 0 7 5 3
0 0 7 6 1
0 0 7 8 2
0 0 7 9 1
0 0 7 10 3
0 0 7 11 2
0 0 7 13 2
0 0 7 14 1
0 0 7 15 3
0 0 7 16 3
0 0 7 20 3
0 0 7 21 2
0 0 7 22 2
0 0 7 23 2
0 0 7 24 1
0 0 7 25 2
0 0 7 26 1
0 0 7 27 2
0 0 8 3 2
0 0 8 4 2
0 0 8 5 1
0 0 8 6 1
0 0 8 7 3
0 0 8 8 3
0 0 8 9 2
0 0 8 10 1
0 0 8 11 3
0 0 8 12 3
0 0 8 13 3
0 0 8 14 2
0 0 8 15 3
0 0 8 16 3
0 0 8 17 2
0 0 8 19 2
0 0 8 20 2
0 0 8 21 1
0 0 8 22 1
0 0 8 23 1
0 0 8 24 2
0 0 8 25 3
0 0 8 26 3
0 0 8 27 3
0 0 8 28 2
0 0 9 4 2
0 0 9 8 1
0 0 9 9 2
0 0 9 10 1
0 0 9 11 3
0 0 9 13 3
0 0 9 14 2
0 0 9 15 1
0 0 9 16 1
0 0 9 17 1
0 0 9 18 1
0 0 9 19 2
0 0 9 20 2
0 0 9 22 1
0 0 9 23 2
0 0 9 25 3
0 0 9 26 2
0 0 9 27 2
0 0 9 28 2
0 0 10 4 1
0 0 10 5 3
0 0 10 8 1
0 0 10 9 1
0 0 10 10 1
0 0 10 11 1
0 0 10 13 3
0 0 10 14 1
0 0 10 15 3
0 0 10 16 1
0 0 10 17 1
0 0 10 18 3
0 0 10 19 1
0 0 10 20 1
0 0 10 21 3
0 0 10 22 1
0 0 10 23 1
0 0 10 24 1
0 0 10 25 1
0 0 10 26 2
0 0 10 27 1
0 0 10 28 1
0 0 10 29 1
0 0 11 3 2
0 0 11 4 1
0 0 11 5 1
0 0 11 6 1
0 0 11 7 2
0 0 11 8 2
0 0 11 9 1
0 0 11 10 3
0 0 11 11 1
0 0 11 12 2
0 0 11 13 3
0 0 11 14 1
0 0 11 15 1
0 0 11 16 1
0 0 11 17 1
0 0 11 18 2
0 0 11 19 2
0 0 11 20 1
0 0 11 21 1
0 0 11 22 1
0 0 11 23 1
0 0 11 24 3
0 0 11 25 1
0 0 11 27 3
0 0 11 28 3
0 0 11 29 1
0 0 11 30 3
0 0 12 3 3
0 0 12 4 3
0 0 12 8 3
0 0 12 9 3
0 0 12 10 2
0 0 12 11 2
0 0 12 12 2
0 0 12 13 1
0 0 12 14 2
0 0 12 16 3
0 0 12 17 2
0 0 12 18 1
0 0 12 19 3
0 0 12 20 3
0 0 12 21 1
0 0 12 22 2
0 0 12 23 1
0 0 12 24 3
0 0 12 25 2
0 0 12 26 2
0 0 12 27 1
0 0 12 28 1
0 0 12 29 2
0 0 13 1 1
0 0 13 3 3
0 0 13 4 3
0 0 13 7 2
0 0 13 8 3
0 0 13 10 1
0 0 13 11 1
0 0 13 12 2
0 0 13 13 3
0 0 13 14 3
0 0 13 15 3
0 0 13 16 3
0 0 13 17 2
0 0 13 18 3
0 0 13 19 3
0 0 13 20 3
0 0 13 21 2
0 0 13 22 1
0 0 13 23 1
0 0 13 24 3
0 0 13 25 2
0 0 13 26 3
0 0 13 27 1
0 0 13 28 2
0 0 13 29 3
0 0 13 30 3
0 0 14 1 1
0 0 14 2 1
0 0 14 3 1
0 0 14 4 2
0 0 14 5 1
0 0 14 6 1
0 0 14 7 2
0 0 14 8 3
0 0 14 9 2
0 0 14 10 1
0 0 14 11 1
0 0 14 12 2
0 0 14 13 3
0 0 14 14 3
0 0 14 15 1
0 0 14 16 1
0 0 14 17 2
0 0 14 18 2
0 0 14 19 1
0 0 14 20 2
0 0 14 21 1
0 0 14 22 1
0 0 14 23 1
0 0 14 24 2
0 0 14 25 2
0 0 14 26 1
0 0 14 27 1
0 0 14 28 3
0 0 14 29 3
0 0 14 30 2
0 0 15 3 3
0 0 15 4 1
0 0 15 5 1
0 0 15 6 3
0 0 15 7 1
0 0 15 8 1
0 0 15 10 1
0 0 15 11 1
0 0 15 12 1
0 0 15 13 1
0 0 15 14 1
0 0 15 15 1
0 0 15 16 3
0 0 15 17 1
0 0 15 18 2
0 0 15 19 1
0 0 15 20 1
0 0 15 21 3
0 0 15 22 1
0 0 15 23 2
0 0 15 24 1
0 0 15 25 2
0 0 15 26 1
0 0 15 28 1
0 0 15 29 1
0 0 15 30 1
0 0 15 31 1
0 0 16 2 2
0 0 16 4 2
0 0 16 5 2
0 0 16 6 1
0 0 16 7 2
0 0 16 8 1
0 0 16 9 2
0 0 16 10 1
0 0 16 11 1
0 0 16 12 2
0 0 16 13 3
0 0 16 14 1
0 0 16 15 1
0 0 16 16 3
0 0 16 17 1
0 0 16 18 1
0 0 16 19 3
0 0 16 20 1
0 0 16 21 3
0 0 16 22 1
0 0 16 23 1
0 0 16 24 2
0 0 16 25 1
0 0 16 26 3
0 0 16 28 3
0 0 16 31 1
0 0 17 2 2
0 0 17 3 3
0 0 17 4 3
0 0 17 5 1
0 0 17 6 1
0 0 17 7 2
0 0 17 8 3
0 0 17 9 3
0 0 17 10 1
0 0 17 11 1
0 0 17 12 2
0 0 17 13 3
0 0 17 14 2
0 0 17 15 2
0 0 17 16 1
0 0 17 17 1
0 0 17 18 2
0 0 17 19 3
0 0 17 20 2
0 0 17 21 1
0 0 17 22 1
0 0 17 23 3
0 0 17 24 3
0 0 17 25 2
0 0 17 26 1
0 0 17 27 1
0 0 17 28 2
0 0 18 4 1
0 0 18 5 1
0 0 18 6 3
0 0 18 7 3
0 0 18 10 1
0 0 18 11 3
0 0 18 13 2
0 0 18 14 1
0 0 18 15 3
0 0 18 16 2
0 0 18 17 2
0 0 18 18 3
0 0 18 19 3
0 0 18 20 2
0 0 18 21 1
0 0 18 22 3
0 0 18 23 3
0 0 18 24 3
0 0 18 25 1
0 0 18 26 1
0 0 18 28 2
0 0 19 4 1
0 0 19 5 1
0 0 19 6 2
0 0 19 7 1
0 0 19 9 2
0 0 19 10 1
0 0 19 11 1
0 0 19 12 1
0 0 19 13 1
0 0 19 14 3
0 0 19 15 3
0 0 19 16 2
0 0 19 17 1
0 0 19 18 2
0 0 19 19 1
0 0 19 20 1
0 0 19 21 3
0 0 19 22 1
0 0 19 23 2
0 0 19 24 3
0 0 19 25 2
0 0 20 4 1
0 0 20 5 1
0 0 20 6 3
0 0 20 7 1
0 0 20 9 2
0 0 20 10 1
0 0 20 11 3
0 0 20 12 2
0 0 20 13 2
0 0 20 14 3
0 0 20 15 3
0 0 20 16 1
0 0 20 17 1
0 0 20 18 2
0 0 20 19 2
0 0 20 20 1
0 0 20 21 1
0 0 20 22 1
0 0 20 23 2
0 0 20 24 2
0 0 20 25 1
0 0 20 26 2
0 0 21 3 1
0 0 21 4 1
0 0 21 5 3
0 0 21 6 3
0 0 21 7 1
0 0 21 8 1
0 0 21 9 2
0 0 21 10 1
0 0 21 12 1
0 0 21 13 1
0 0 21 14 2
0 0 21 15 2
0 0 21 16 1
0 0 21 17 3
0 0 21 18 1
0 0 21 19 3
0 0 21 20 3
0 0 21 21 2
0 0 21 22 3
0 0 21 24 3
0 0 21 25 1
0 0 22 3 1
0 0 22 4 1
0 0 22 5 1
0 0 22 6 1
0 0 22 7 2
0 0 22 9 1
0 0 22 10 1
0 0 22 11 1
0 0 22 12 1
0 0 22 13 3
0 0 22 14 1
0 0 22 15 1
0 0 22 16 3
0 0 22 17 1
0 0 22 18 1
0 0 22 19 3
0 0 22 20 1
0 0 22 21 1
0 0 22 22 1
0 0 22 23 2
0 0 22 24 1
0 0 22 25 1
0 0 23 5 3
0 0 23 6 1
0 0 23 7 1
0 0 23 8 3
0 0 23 9 1
0 0 23 10 1
0 0 23 11 2
0 0 23 12 1
0 0 23 13 2
0 0 23 14 1
0 0 23 15 1
0 0 23 16 1
0 0 23 17 1
0 0 23 18 1
0 0 23 19 3
0 0 23 20 1
0 0 23 21 1
0 0 23 22 3
0 0 23 24 1
0 0 24 6 2
0 0 24 7 2
0 0 24 8 1
0 0 24 9 2
0 0 24 10 1
0 0 24 11 2
0 0 24 12 2
0 0 24 13 3
0 0 24 14 3
0 0 24 15 3
0 0 24 16 1
0 0 24 17 3
0 0 24 18 1
0 0 24 19 3
0 0 24 20 2
0 0 24 21 1
0 0 24 22 2
0 0 24 23 3
0 0 24 24 1
0 0 24 25 1
0 0 25 7 1
0 0 25 8 2
0 0 25 9 3
0 0 25 10 3
0 0 25 11 3
0 0 25 12 1
0 0 25 13 3
0 0 25 14 3
0 0 25 15 3
0 0 25 16 2
0 0 25 17 1
0 0 25 18 1
0 0 25 19 2
0 0 25 20 1
0 0 25 21 2
0 0 25 22 2
0 0 25 23 1
0 0 25 24 2
0 0 25 25 1
0 0 25 26 2
0 0 26 6 1
0 0 26 7 2
0 0 26 9 3
0 0 26 10 1
0 0 26 11 1
0 0 26 12 2
0 0 26 13 1
0 0 26 14 1
0 0 26 15 2
0 0 26 16 1
0 0 26 17 2
0 0 26 18 2
0 0 26 19 1
0 0 26 20 3
0 0 26 22 1
0 0 26 23 3
0 0 26 24 3
0 0 26 25 3
0 0 26 26 3
0 0 26 27 2
0 0 27 6 1
0 0 27 7 1
0 0 27 8 1
0 0 27 9 1
0 0 27 10 2
0 0 27 11 1
0 0 27 12 1
0 0 27 13 1
0 0 27 14 2
0 0 27 15 1
0 0 27 16 3
0 0 27 17 1
0 0 27 18 1
0 0 27 19 3
0 0 27 21 3
0 0 27 22 1
0 0 27 23 1
0 0 27 24 1
0 0 27 25 1
0 0 27 27 2
0 0 27 29 2
0 0 28 6 2
0 0 28 8 3
0 0 28 9 1
0 0 28 10 1
0 0 28 11 3
0 0 28 12 1
0 0 28 13 2
0 0 28 14 2
0 0 28 15 1
0 0 28 16 1
0 0 28 17 1
0 0 28 18 1
0 0 28 19 1
0 0 28 20 1
0 0 28 21 1
0 0 28 22 3
0 0 28 23 1
0 0 28 24 1
0 0 28 25 1
0 0 28 27 1
0 0 28 28 3
0 0 28 29 1
0 0 28 30 3
0 0 28 31 2
0 0 29 6 1
0 0 29 7 3
0 0 29 9 2
0 0 29 10 2
0 0 29 11 1
0 0 29 12 1
0 0 29 13 2
0 0 29 15 2
0 0 29 16 2
0 0 29 17 3
0 0 29 18 3
0 0 29 21 1
0 0 29 22 3
0 0 29 23 3
0 0 29 24 1
0 0 29 26 3
0 0 29 27 1
0 0 29 29 1
0 0 29 30 1
0 0 29 31 1
0 0 30 6 1
0 0 30 7 1
0 0 30 8 1
0 0 30 9 2
0 0 30 12 2
0 0 30 13 3
0 0 30 14 3
0 0 30 18 3
0 0 30 22 2
0 0 30 24 2
0 0 30 25 2
0 0 30 26 1
0 0 30 27 1
0 0 30 31 2
0 0 31 8 2
0 0 31 11 1
0 0 31 12 1
0 0 31 17 2
0 0 31 18 2
0 0 31 27 2
0 0 31 28 3
0 0 31 29 3
0 0 31 31 3
