0 0 0 17 4
0 0 0 18 4
0 0 1 5 4
0 0 1 6 4
0 0 1 15 3
0 0 1 16 4
0 0 1 17 3
0 0 2 5 3
0 0 2 16 4
0 0 2 17 4
0 0 3 5 1
0 0 3 10 4
0 0 3 14 3
0 0 3 15 1
0 0 3 16 1
0 0 3 17 4
0 0 3 18 3
0 0 3 19 2
0 0 3 20 1
0 0 3 21 3
0 0 3 22 4
0 0 4 5 2
0 0 4 6 3
0 0 4 7 2
0 0 4 8 1
0 0 4 9 3
0 0 4 10 4
0 0 4 11 3
0 0 4 12 1
0 0 4 13 2
0 0 4 14 3
0 0 4 15 4
0 0 4 16 4
0 0 4 17 1
0 0 4 19 3
0 0 4 20 4
0 0 4 21 1
0 0 4 22 4
0 0 5 3 4
0 0 5 4 4
0 0 5 5 3
0 0 5 8 4
0 0 5 9 4
0 0 5 10 4
0 0 5 13 4
0 0 5 14 4
0 0 5 15 3
0 0 5 16 4
0 0 5 17 4
0 0 5 18 3
0 0 5 19 2
0 0 5 20 1
0 0 5 21 1
0 0 5 22 4
0 0 5 23 4
0 0 5 24 1
0 0 5 25 3
0 0 5 26 4
0 0 6 3 3
0 0 6 4 4
0 0 6 5 4
0 0 6 6 1
0 0 6 8 3
0 0 6 9 3
0 0 6 10 1
0 0 6 11 4
0 0 6 12 4
0 0 6 13 3
0 0 6 14 4
0 0 6 15 1
0 0 6 16 4
0 0 6 17 3
0 0 6 18 4
0 0 6 19 1
0 0 6 20 4
0 0 6 21 1
0 0 6 22 3
0 0 6 23 3
0 0 6 25 2
0 0 6 26 1
0 0 6 27 4
0 0 6 28 4
0 0 7 3 1
0 0 7 4 4
0 0 7 5 3
0 0 7 6 4
0 0 7 7 4
0 0 7 8 4
0 0 7 9 1
0 0 7 10 2
0 0 7 11 4
0 0 7 12 3
0 0 7 13 1
0 0 7 14 1
0 0 7 15 2
0 0 7 16 4
0 0 7 17 4
0 0 7 18 4
0 0 7 19 3
0 0 7 20 4
0 0 7 22 2
0 0 7 23 3
0 0 7 24 4
0 0 7 27 3
0 0 8 3 2
0 0 8 5 4
0 0 8 6 4
0 0 8 7 4
0 0 8 8 1
0 0 8 9 2
0 0 8 10 3
0 0 8 11 2
0 0 8 12 4
0 0 8 13 2
0 0 8 14 3
0 0 8 15 3
0 0 8 16 2
0 0 8 17 1
0 0 8 18 1
0 0 8 19 4
0 0 8 20 4
0 0 8 21 3
0 0 8 22 1
0 0 8 23 1
0 0 8 24 4
0 0 8 25 4
0 0 8 27 2
0 0 8 28 4
0 0 9 0 4
0 0 9 3 3
0 0 9 5 3
0 0 9 6 1
0 0 9 7 4
0 0 9 8 3
0 0 9 9 3
0 0 9 10 4
0 0 9 11 1
0 0 9 12 4
0 0 9 13 3
0 0 9 14 1
0 0 9 15 2
0 0 9 16 4
0 0 9 17 4
0 0 9 18 4
0 0 9 19 2
0 0 9 20 1
0 0 9 21 3
0 0 9 22 3
0 0 9 23 1
0 0 9 24 1
0 0 9 25 4
0 0 9 26 3
0 0 9 27 2
0 0 9 28 1
0 0 9 29 3
0 0 9 30 4
0 0 10 0 4
0 0 10 1 3
0 0 10 2 1
0 0 10 3 2
0 0 10 4 3
0 0 10 5 1
0 0 10 6 1
0 0 10 7 1
0 0 10 8 4
0 0 10 9 4
0 0 10 10 4
0 0 10 11 3
0 0 10 12 1
0 0 10 13 2
0 0 10 14 3
0 0 10 15 4
0 0 10 16 3
0 0 10 17 4
0 0 10 18 4
0 0 10 19 3
0 0 10 20 1
0 0 10 21 2
0 0 10 22 3
0 0 10 23 4
0 0 10 24 1
0 0 10 25 1
0 0 10 27 3
0 0 10 28 1
0 0 10 30 4
0 0 11 5 2
0 0 11 6 3
0 0 11 7 2
0 0 11 8 1
0 0 11 9 3
0 0 11 10 4
0 0 11 11 4
0 0 11 12 4
0 0 11 13 2
0 0 11 15 4
0 0 11 16 1
0 0 11 17 3
0 0 11 18 1
0 0 11 19 2
0 0 11 20 4
0 0 11 21 4
0 0 11 22 3
0 0 11 23 4
0 0 11 24 4
0 0 11 25 2
0 0 11 26 3
0 0 11 27 2
0 0 11 28 4
0 0 12 5 3
0 0 12 6 4
0 0 12 7 2
0 0 12 8 4
0 0 12 9 4
0 0 12 10 1
0 0 12 11 3
0 0 12 13 3
0 0 12 14 3
0 0 12 15 4
0 0 12 16 2
0 0 12 17 3
0 0 12 18 2
0 0 12 19 3
0 0 12 20 3
0 0 12 21 4
0 0 12 22 4
0 0 12 23 1
0 0 12 24 4
0 0 12 25 2
0 0 12 27 1
0 0 13 4 4
0 0 13 5 4
0 0 13 6 1
0 0 13 8 3
0 0 13 9 4
0 0 13 10 1
0 0 13 11 1
0 0 13 12 4
0 0 13 13 4
0 0 13 14 1
0 0 13 15 2
0 0 13 16 3
0 0 13 17 3
0 0 13 18 3
0 0 13 20 4
0 0 13 21 4
0 0 13 22 1
0 0 13 23 1
0 0 13 24 4
0 0 13 25 4
0 0 13 27 3
0 0 14 3 4
0 0 14 4 4
0 0 14 5 1
0 0 14 6 4
0 0 14 7 4
0 0 14 8 4
0 0 14 9 4
0 0 14 10 2
0 0 14 11 2
0 0 14 12 3
0 0 14 13 2
0 0 14 14 1
0 0 14 15 3
0 0 14 16 4
0 0 14 17 1
0 0 14 18 4
0 0 14 19 3
0 0 14 20 3
0 0 14 21 2
0 0 14 22 1
0 0 14 23 4
0 0 14 24 4
0 0 14 26 4
0 0 14 27 4
0 0 15 3 3
0 0 15 5 1
0 0 15 6 4
0 0 15 7 3
0 0 15 8 1
0 0 15 9 2
0 0 15 10 1
0 0 15 11 3
0 0 15 12 2
0 0 15 13 4
0 0 15 14 4
0 0 15 15 4
0 0 15 16 4
0 0 15 17 1
0 0 15 18 4
0 0 15 19 4
0 0 15 20 4
0 0 15 21 4
0 0 15 22 1
0 0 15 23 3
0 0 15 27 3
0 0 15 28 3
0 0 16 3 4
0 0 16 5 4
0 0 16 6 4
0 0 16 7 1
0 0 16 8 4
0 0 16 9 1
0 0 16 10 4
0 0 16 11 4
0 0 16 12 1
0 0 16 13 4
0 0 16 14 3
0 0 16 15 3
0 0 16 16 1
0 0 16 17 4
0 0 16 18 4
0 0 16 19 3
0 0 16 20 1
0 0 16 21 2
0 0 16 22 3
0 0 16 23 2
0 0 16 24 2
0 0 16 25 1
0 0 16 26 3
0 0 16 27 4
0 0 16 28 1
0 0 16 30 3
0 0 17 3 4
0 0 17 4 3
0 0 17 5 2
0 0 17 6 1
0 0 17 7 1
0 0 17 8 4
0 0 17 9 4
0 0 17 10 4
0 0 17 11 3
0 0 17 12 1
0 0 17 13 4
0 0 17 14 4
0 0 17 15 2
0 0 17 16 2
0 0 17 17 3
0 0 17 18 4
0 0 17 19 4
0 0 17 20 4
0 0 17 21 1
0 0 17 22 4
0 0 17 23 1
0 0 17 24 4
0 0 17 25 4
0 0 17 26 4
0 0 17 27 4
0 0 17 28 1
0 0 17 29 4
0 0 17 30 4
0 0 18 3 1
0 0 18 6 1
0 0 18 8 3
0 0 18 9 3
0 0 18 10 4
0 0 18 11 2
0 0 18 12 1
0 0 18 13 4
0 0 18 14 4
0 0 18 15 2
0 0 18 16 3
0 0 18 17 2
0 0 18 18 3
0 0 18 20 1
0 0 18 21 4
0 0 18 22 4
0 0 18 23 3
0 0 18 24 4
0 0 18 25 3
0 0 18 26 4
0 0 18 27 1
0 0 18 28 4
0 0 18 29 4
0 0 19 3 2
0 0 19 5 4
0 0 19 6 3
0 0 19 8 2
0 0 19 9 3
0 0 19 10 4
0 0 19 13 3
0 0 19 15 3
0 0 19 16 1
0 0 19 17 1
0 0 19 18 4
0 0 19 21 3
0 0 19 22 4
0 0 19 23 4
0 0 19 24 4
0 0 19 25 4
0 0 19 26 3
0 0 19 28 3
0 0 20 5 4
0 0 20 6 4
0 0 20 7 2
0 0 20 8 1
0 0 20 9 3
0 0 20 10 4
0 0 20 11 4
0 0 20 13 2
0 0 20 14 4
0 0 20 15 4
0 0 20 16 4
0 0 20 17 3
0 0 20 18 1
0 0 20 19 2
0 0 20 20 3
0 0 20 21 2
0 0 20 23 4
0 0 20 24 3
0 0 20 25 1
0 0 20 26 2
0 0 20 27 3
0 0 20 28 2
0 0 21 3 4
0 0 21 4 4
0 0 21 5 1
0 0 21 6 2
0 0 21 7 3
0 0 21 8 3
0 0 21 9 1
0 0 21 10 1
0 0 21 11 4
0 0 21 12 3
0 0 21 13 2
0 0 21 14 1
0 0 21 15 3
0 0 21 16 4
0 0 21 17 4
0 0 21 18 4
0 0 21 21 1
0 0 21 26 1
0 0 21 27 4
0 0 21 28 1
0 0 22 3 3
0 0 22 4 4
0 0 22 5 3
0 0 22 6 1
0 0 22 7 2
0 0 22 8 3
0 0 22 9 4
0 0 22 10 1
0 0 22 11 1
0 0 22 12 1
0 0 22 13 3
0 0 22 14 1
0 0 22 15 2
0 0 22 16 4
0 0 22 18 4
0 0 22 19 4
0 0 22 21 3
0 0 22 26 1
0 0 22 27 1
0 0 22 28 3
0 0 23 3 1
0 0 23 4 4
0 0 23 5 3
0 0 23 6 4
0 0 23 7 1
0 0 23 8 3
0 0 23 9 4
0 0 23 10 4
0 0 23 11 2
0 0 23 12 3
0 0 23 13 2
0 0 23 14 4
0 0 23 15 3
0 0 23 17 1
0 0 23 18 1
0 0 23 19 4
0 0 23 20 4
0 0 23 21 4
0 0 23 22 3
0 0 23 23 1
0 0 23 24 2
0 0 23 25 3
0 0 23 26 4
0 0 23 27 4
0 0 23 28 4
0 0 24 3 2
0 0 24 6 4
0 0 24 7 4
0 0 24 8 4
0 0 24 9 1
0 0 24 10 4
0 0 24 11 2
0 0 24 12 4
0 0 24 13 1
0 0 24 14 1
0 0 24 15 2
0 0 24 16 3
0 0 24 17 4
0 0 24 18 1
0 0 24 19 1
0 0 24 20 4
0 0 24 21 4
0 0 24 22 1
0 0 24 24 3
0 0 24 26 4
0 0 25 0 4
0 0 25 3 3
0 0 25 5 1
0 0 25 6 4
0 0 25 7 4
0 0 25 8 1
0 0 25 9 1
0 0 25 10 4
0 0 25 11 4
0 0 25 12 4
0 0 25 13 3
0 0 25 17 4
0 0 25 18 4
0 0 25 19 4
0 0 25 20 4
0 0 25 21 1
0 0 25 22 1
0 0 25 23 4
0 0 25 24 4
0 0 26 0 4
0 0 26 1 3
0 0 26 2 1
0 0 26 3 2
0 0 26 4 3
0 0 26 5 4
0 0 26 6 3
0 0 26 7 1
0 0 26 8 1
0 0 26 9 4
0 0 26 10 4
0 0 26 11 3
0 0 26 12 4
0 0 26 13 4
0 0 26 18 4
0 0 26 19 2
0 0 26 20 2
0 0 26 21 1
0 0 26 22 4
0 0 26 23 4
0 0 26 25 2
0 0 27 4 4
0 0 27 5 4
0 0 27 6 4
0 0 27 7 3
0 0 27 9 3
0 0 27 10 4
0 0 27 11 4
0 0 27 12 3
0 0 27 13 2
0 0 27 14 1
0 0 27 15 3
0 0 27 16 4
0 0 27 17 4
0 0 27 20 3
0 0 27 22 3
0 0 27 25 1
0 0 28 4 4
0 0 28 5 3
0 0 28 6 1
0 0 28 7 2
0 0 28 8 3
0 0 28 9 2
0 0 28 10 1
0 0 28 11 1
0 0 28 12 3
0 0 28 16 4
0 0 28 17 4
0 0 28 18 3
0 0 28 19 1
0 0 28 20 2
0 0 28 21 3
0 0 28 22 2
0 0 28 23 2
0 0 28 24 3
0 0 28 25 4
0 0 29 9 1
0 0 29 10 4
0 0 29 21 1
0 0 29 22 1
0 0 29 23 4
0 0 29 25 4
0 0 30 9 3
0 0 30 10 4
0 0 30 11 3
0 0 30 22 3
0 0 31 8 4
0 0 31 9 4
0 0 31 21 4
0 0 31 22 4
