0 0 0 22 1
0 0 0 24 2
0 0 1 20 2
0 0 1 22 1
0 0 1 23 2
0 0 1 24 1
0 0 2 18 1
0 0 2 19 2
0 0 2 20 2
0 0 2 21 2
0 0 2 22 2
0 0 2 23 2
0 0 2 24 2
0 0 2 25 2
0 0 2 27 1
0 0 2 29 2
0 0 3 20 2
0 0 3 21 2
0 0 3 22 2
0 0 3 23 2
0 0 3 24 2
0 0 3 25 2
0 0 3 27 1
0 0 3 28 2
0 0 3 29 1
0 0 4 23 1
0 0 4 24 2
0 0 4 25 2
0 0 4 26 2
0 0 4 27 2
0 0 4 28 2
0 0 4 29 2
0 0 5 23 1
0 0 5 24 1
0 0 5 25 2
0 0 5 26 2
0 0 5 27 2
0 0 5 28 2
0 0 5 29 2
0 0 6 19 1
0 0 6 21 1
0 0 6 22 1
0 0 6 23 2
0 0 6 26 2
0 0 6 27 2
0 0 6 28 2
0 0 6 29 2
0 0 7 15 1
0 0 7 17 1
0 0 7 19 2
0 0 7 21 1
0 0 7 22 2
0 0 7 23 1
0 0 7 26 1
0 0 7 28 1
0 0 7 29 1
0 0 8 11 2
0 0 8 12 1
0 0 8 13 2
0 0 8 14 2
0 0 8 15 2
0 0 8 16 1
0 0 8 17 2
0 0 8 18 2
0 0 8 19 2
0 0 8 20 2
0 0 8 21 2
0 0 8 22 2
0 0 8 23 2
0 0 8 26 1
0 0 8 27 1
0 0 8 28 1
0 0 9 12 2
0 0 9 13 1
0 0 9 14 2
0 0 9 15 2
0 0 9 16 2
0 0 9 17 2
0 0 9 18 2
0 0 9 19 2
0 0 9 20 2
0 0 9 21 2
0 0 9 22 2
0 0 9 23 2
0 0 9 25 2
0 0 9 26 1
0 0 9 27 1
0 0 10 11 1
0 0 10 12 1
0 0 10 13 2
0 0 10 14 1
0 0 10 16 2
0 0 10 17 2
0 0 10 23 2
0 0 10 25 1
0 0 10 26 2
0 0 10 27 1
0 0 10 29 2
0 0 11 13 1
0 0 11 14 1
0 0 11 16 2
0 0 11 17 2
0 0 11 18 1
0 0 11 19 1
0 0 11 22 1
0 0 11 23 1
0 0 11 25 2
0 0 11 27 1
0 0 11 28 2
0 0 11 29 1
0 0 12 11 1
0 0 12 12 2
0 0 12 13 1
0 0 12 14 1
0 0 12 15 1
0 0 12 16 2
0 0 12 17 2
0 0 12 18 2
0 0 12 21 1
0 0 12 22 1
0 0 12 23 1
0 0 12 24 2
0 0 12 25 2
0 0 12 26 2
0 0 12 27 2
0 0 12 28 2
0 0 12 29 2
0 0 13 2 1
0 0 13 3 1
0 0 13 8 1
0 0 13 9 1
0 0 13 13 2
0 0 13 14 1
0 0 13 15 2
0 0 13 16 1
0 0 13 17 1
0 0 13 18 1
0 0 13 19 1
0 0 13 25 2
0 0 13 26 2
0 0 13 27 2
0 0 13 28 2
0 0 13 29 2
0 0 14 1 1
0 0 14 2 1
0 0 14 7 1
0 0 14 8 1
0 0 14 9 2
0 0 14 10 2
0 0 14 11 2
0 0 14 12 1
0 0 14 13 1
0 0 14 15 1
0 0 14 16 1
0 0 14 17 1
0 0 14 18 1
0 0 14 19 2
0 0 14 21 1
0 0 14 22 1
0 0 14 24 1
0 0 14 25 1
0 0 14 27 1
0 0 14 29 2
0 0 15 1 2
0 0 15 7 2
0 0 15 8 2
0 0 15 9 2
0 0 15 10 2
0 0 15 12 1
0 0 15 13 1
0 0 15 15 2
0 0 15 16 1
0 0 15 17 1
0 0 15 18 1
0 0 15 19 2
0 0 15 20 2
0 0 15 21 1
0 0 15 22 1
0 0 15 23 1
0 0 15 24 1
0 0 15 25 1
0 0 15 26 1
0 0 15 27 2
0 0 15 28 1
0 0 15 29 1
0 0 16 1 2
0 0 16 2 2
0 0 16 3 2
0 0 16 4 2
0 0 16 5 2
0 0 16 7 2
0 0 16 8 2
0 0 16 9 2
0 0 16 10 2
0 0 16 11 2
0 0 16 12 1
0 0 16 13 2
0 0 16 14 2
0 0 16 15 2
0 0 16 16 2
0 0 16 17 2
0 0 16 18 2
0 0 16 19 2
0 0 16 20 2
0 0 16 21 2
0 0 16 22 1
0 0 16 23 2
0 0 16 24 1
0 0 16 27 1
0 0 16 28 1
0 0 16 29 1
0 0 17 1 2
0 0 17 2 2
0 0 17 3 2
0 0 17 4 2
0 0 17 5 2
0 0 17 6 1
0 0 17 7 2
0 0 17 8 2
0 0 17 9 2
0 0 17 10 2
0 0 17 11 2
0 0 17 12 2
0 0 17 13 1
0 0 17 14 1
0 0 17 15 2
0 0 17 16 2
0 0 17 17 2
0 0 17 18 2
0 0 17 19 2
0 0 17 20 2
0 0 17 21 1
0 0 17 22 1
0 0 17 23 1
0 0 17 24 2
0 0 17 25 2
0 0 17 26 2
0 0 17 27 2
0 0 18 1 1
0 0 18 2 2
0 0 18 3 1
0 0 18 5 2
0 0 18 7 1
0 0 18 8 2
0 0 18 9 1
0 0 18 10 2
0 0 18 11 2
0 0 18 12 1
0 0 18 13 1
0 0 18 14 1
0 0 18 15 1
0 0 18 16 2
0 0 18 17 1
0 0 18 18 1
0 0 18 19 2
0 0 18 20 2
0 0 18 21 2
0 0 18 22 1
0 0 18 23 1
0 0 18 24 2
0 0 18 25 2
0 0 18 26 2
0 0 18 27 2
0 0 18 28 2
0 0 18 29 1
0 0 19 1 2
0 0 19 3 1
0 0 19 5 1
0 0 19 7 2
0 0 19 9 1
0 0 19 10 2
0 0 19 11 1
0 0 19 12 1
0 0 19 13 2
0 0 19 14 2
0 0 19 15 2
0 0 19 16 1
0 0 19 17 1
0 0 19 18 2
0 0 19 19 2
0 0 19 20 2
0 0 19 21 2
0 0 19 22 1
0 0 19 23 1
0 0 19 24 2
0 0 19 25 1
0 0 19 27 2
0 0 19 28 2
0 0 20 7 2
0 0 20 8 2
0 0 20 9 2
0 0 20 10 2
0 0 20 11 1
0 0 20 12 2
0 0 20 13 2
0 0 20 14 2
0 0 20 15 2
0 0 20 16 2
0 0 20 17 2
0 0 20 18 2
0 0 20 19 2
0 0 20 20 2
0 0 20 21 2
0 0 20 22 2
0 0 20 23 1
0 0 20 24 1
0 0 20 25 1
0 0 20 27 2
0 0 20 28 2
0 0 20 29 2
0 0 20 30 1
0 0 21 1 1
0 0 21 2 1
0 0 21 7 2
0 0 21 8 2
0 0 21 9 2
0 0 21 10 2
0 0 21 11 1
0 0 21 12 2
0 0 21 13 2
0 0 21 14 2
0 0 21 15 2
0 0 21 16 1
0 0 21 17 2
0 0 21 18 2
0 0 21 19 2
0 0 21 20 2
0 0 21 21 1
0 0 21 22 1
0 0 21 27 2
0 0 21 28 2
0 0 22 0 1
0 0 22 1 1
0 0 22 7 1
0 0 22 8 2
0 0 22 9 2
0 0 22 10 2
0 0 22 11 2
0 0 22 12 2
0 0 22 13 1
0 0 22 14 2
0 0 22 15 1
0 0 22 16 1
0 0 22 17 1
0 0 22 18 1
0 0 22 19 2
0 0 22 20 2
0 0 22 21 2
0 0 22 22 2
0 0 22 23 1
0 0 22 24 1
0 0 22 27 2
0 0 22 28 2
0 0 22 29 1
0 0 22 30 1
0 0 23 0 2
0 0 23 7 2
0 0 23 9 2
0 0 23 10 2
0 0 23 11 2
0 0 23 12 2
0 0 23 13 2
0 0 23 14 1
0 0 23 15 1
0 0 23 16 1
0 0 23 17 1
0 0 23 18 2
0 0 23 19 2
0 0 23 20 2
0 0 23 21 1
0 0 23 22 2
0 0 23 23 2
0 0 23 24 1
0 0 23 25 1
0 0 23 27 2
0 0 23 28 2
0 0 23 29 2
0 0 24 0 2
0 0 24 1 2
0 0 24 2 2
0 0 24 3 2
0 0 24 4 2
0 0 24 7 1
0 0 24 8 2
0 0 24 9 2
0 0 24 10 1
0 0 24 11 1
0 0 24 12 1
0 0 24 13 2
0 0 24 14 2
0 0 24 15 1
0 0 24 16 1
0 0 24 18 1
0 0 24 19 1
0 0 24 20 2
0 0 24 21 2
0 0 24 22 2
0 0 24 23 1
0 0 24 24 1
0 0 24 25 1
0 0 24 26 2
0 0 24 27 2
0 0 24 28 2
0 0 24 29 1
0 0 24 30 2
0 0 25 0 2
0 0 25 1 2
0 0 25 2 2
0 0 25 3 2
0 0 25 4 2
0 0 25 5 2
0 0 25 6 1
0 0 25 7 1
0 0 25 8 1
0 0 25 9 2
0 0 25 10 1
0 0 25 11 1
0 0 25 12 1
0 0 25 13 1
0 0 25 14 1
0 0 25 15 2
0 0 25 16 2
0 0 25 17 2
0 0 25 18 1
0 0 25 24 2
0 0 26 0 1
0 0 26 1 2
0 0 26 2 1
0 0 26 4 2
0 0 26 6 1
0 0 26 7 1
0 0 26 9 1
0 0 26 10 1
0 0 26 11 1
0 0 26 12 1
0 0 26 13 2
0 0 26 15 2
0 0 26 16 2
0 0 26 17 2
0 0 26 18 2
0 0 26 19 2
0 0 26 20 1
0 0 26 23 2
0 0 26 24 2
0 0 26 25 2
0 0 26 26 1
0 0 27 0 2
0 0 27 2 1
0 0 27 4 1
0 0 27 6 2
0 0 27 12 1
0 0 27 13 2
0 0 27 15 2
0 0 27 16 2
0 0 27 17 1
0 0 27 18 1
0 0 27 23 2
0 0 27 24 2
0 0 28 6 2
0 0 28 7 2
0 0 28 8 2
0 0 28 9 2
0 0 28 10 2
0 0 28 11 2
0 0 28 12 1
0 0 28 13 1
0 0 28 14 1
0 0 28 15 2
0 0 28 16 2
0 0 28 17 2
0 0 28 18 2
0 0 28 19 1
0 0 28 20 1
0 0 28 23 2
0 0 28 24 2
0 0 28 25 1
0 0 28 26 1
0 0 29 6 2
0 0 29 7 2
0 0 29 8 2
0 0 29 9 2
0 0 29 10 2
0 0 29 11 2
0 0 29 12 2
0 0 29 13 1
0 0 29 14 2
0 0 29 15 2
0 0 29 16 2
0 0 29 17 1
0 0 29 18 2
0 0 29 19 2
0 0 29 20 1
0 0 29 21 1
0 0 29 23 2
0 0 29 24 2
0 0 29 25 2
0 0 30 6 1
0 0 30 7 2
0 0 30 8 1
0 0 30 10 2
0 0 30 12 1
0 0 30 14 1
0 0 30 15 1
0 0 30 16 2
0 0 30 17 2
0 0 30 18 2
0 0 30 19 1
0 0 30 20 2
0 0 30 21 1
0 0 30 22 2
0 0 30 23 2
0 0 30 24 2
0 0 30 25 1
0 0 30 26 2
0 0 31 6 2
0 0 31 7 1
0 0 31 8 1
0 0 31 10 1
