0 0 1 19 3
0 0 2 12 4
0 0 2 13 4
0 0 2 17 4
0 0 2 18 1
0 0 2 19 4
0 0 2 20 3
0 0 2 29 4
0 0 3 7 3
0 0 3 11 4
0 0 3 12 4
0 0 3 13 2
0 0 3 14 2
0 0 3 18 1
0 0 3 19 3
0 0 3 20 2
0 0 3 21 1
0 0 3 22 3
0 0 3 28 1
0 0 3 29 1
0 0 4 2 2
0 0 4 7 4
0 0 4 8 3
0 0 4 10 1
0 0 4 11 1
0 0 4 15 4
0 0 4 16 4
0 0 4 19 1
0 0 4 21 2
0 0 4 24 1
0 0 4 27 1
0 0 4 28 1
0 0 4 29 4
0 0 4 30 3
0 0 5 2 2
0 0 5 5 1
0 0 5 6 2
0 0 5 7 1
0 0 5 8 2
0 0 5 9 1
0 0 5 10 3
0 0 5 11 4
0 0 5 12 3
0 0 5 14 4
0 0 5 15 3
0 0 5 16 2
0 0 5 17 2
0 0 5 18 3
0 0 5 19 2
0 0 5 20 4
0 0 5 21 3
0 0 5 22 4
0 0 5 23 4
0 0 5 24 3
0 0 5 26 4
0 0 5 28 2
0 0 5 29 3
0 0 6 2 3
0 0 6 3 4
0 0 6 4 4
0 0 6 5 3
0 0 6 6 2
0 0 6 7 1
0 0 6 10 2
0 0 6 11 3
0 0 6 13 4
0 0 6 14 1
0 0 6 15 4
0 0 6 16 3
0 0 6 17 1
0 0 6 18 4
0 0 6 19 1
0 0 6 20 1
0 0 6 23 1
0 0 6 24 2
0 0 6 25 2
0 0 6 26 3
0 0 6 27 4
0 0 6 28 1
0 0 7 4 1
0 0 7 5 2
0 0 7 6 2
0 0 7 7 2
0 0 7 8 3
0 0 7 9 2
0 0 7 10 1
0 0 7 11 1
0 0 7 12 1
0 0 7 13 3
0 0 7 14 1
0 0 7 15 1
0 0 7 16 4
0 0 7 17 4
0 0 7 18 2
0 0 7 19 2
0 0 7 20 4
0 0 7 21 3
0 0 7 25 2
0 0 7 26 2
0 0 7 27 2
0 0 7 28 1
0 0 7 29 4
0 0 8 6 3
0 0 8 7 2
0 0 8 8 4
0 0 8 9 1
0 0 8 10 3
0 0 8 11 2
0 0 8 12 3
0 0 8 13 2
0 0 8 14 2
0 0 8 15 1
0 0 8 16 3
0 0 8 17 4
0 0 8 18 2
0 0 8 19 1
0 0 8 20 1
0 0 8 21 4
0 0 8 22 3
0 0 8 24 1
0 0 8 25 4
0 0 8 26 2
0 0 8 27 3
0 0 8 28 4
0 0 8 29 4
0 0 8 30 3
0 0 9 6 4
0 0 9 7 1
0 0 9 8 4
0 0 9 9 4
0 0 9 10 4
0 0 9 11 3
0 0 9 12 4
0 0 9 13 4
0 0 9 14 3
0 0 9 15 2
0 0 9 16 4
0 0 9 17 4
0 0 9 18 4
0 0 9 19 4
0 0 9 20 3
0 0 9 21 2
0 0 9 22 4
0 0 9 23 1
0 0 9 24 3
0 0 9 25 3
0 0 9 26 2
0 0 9 27 1
0 0 9 28 3
0 0 9 30 2
0 0 10 5 4
0 0 10 7 2
0 0 10 8 3
0 0 10 9 1
0 0 10 11 1
0 0 10 12 4
0 0 10 13 1
0 0 10 14 2
0 0 10 15 2
0 0 10 16 2
0 0 10 18 4
0 0 10 19 1
0 0 10 20 4
0 0 10 21 3
0 0 10 22 3
0 0 10 23 3
0 0 10 24 2
0 0 10 25 1
0 0 10 26 2
0 0 10 27 3
0 0 11 0 2
0 0 11 3 4
0 0 11 4 3
0 0 11 5 4
0 0 11 6 2
0 0 11 7 2
0 0 11 10 1
0 0 11 11 2
0 0 11 12 4
0 0 11 13 1
0 0 11 14 1
0 0 11 15 3
0 0 11 16 2
0 0 11 17 2
0 0 11 18 1
0 0 11 19 1
0 0 11 20 3
0 0 11 21 1
0 0 11 22 1
0 0 11 23 4
0 0 11 24 3
0 0 11 25 3
0 0 11 26 1
0 0 12 0 3
0 0 12 1 4
0 0 12 2 4
0 0 12 3 3
0 0 12 4 2
0 0 12 5 2
0 0 12 6 2
0 0 12 7 3
0 0 12 8 4
0 0 12 9 4
0 0 12 10 3
0 0 12 11 1
0 0 12 12 2
0 0 12 13 1
0 0 12 14 1
0 0 12 15 4
0 0 12 16 4
0 0 12 17 3
0 0 12 18 4
0 0 12 19 4
0 0 12 20 3
0 0 12 21 1
0 0 12 22 2
0 0 12 23 3
0 0 12 24 1
0 0 12 25 1
0 0 12 26 3
0 0 12 27 2
0 0 13 2 1
0 0 13 3 2
0 0 13 4 1
0 0 13 5 3
0 0 13 6 2
0 0 13 7 4
0 0 13 8 3
0 0 13 9 4
0 0 13 10 4
0 0 13 11 3
0 0 13 12 3
0 0 13 13 4
0 0 13 14 4
0 0 13 15 3
0 0 13 16 2
0 0 13 17 1
0 0 13 18 2
0 0 13 19 1
0 0 13 20 2
0 0 13 21 1
0 0 13 22 1
0 0 13 23 3
0 0 13 24 2
0 0 13 25 3
0 0 13 26 2
0 0 13 27 4
0 0 13 28 4
0 0 14 4 2
0 0 14 5 4
0 0 14 6 1
0 0 14 7 1
0 0 14 8 1
0 0 14 9 3
0 0 14 10 1
0 0 14 11 1
0 0 14 12 4
0 0 14 13 3
0 0 14 14 1
0 0 14 15 4
0 0 14 16 2
0 0 14 17 3
0 0 14 18 4
0 0 14 19 3
0 0 14 20 1
0 0 14 21 2
0 0 14 22 3
0 0 14 23 1
0 0 14 24 1
0 0 14 25 1
0 0 14 26 4
0 0 14 27 2
0 0 15 3 4
0 0 15 4 4
0 0 15 5 2
0 0 15 6 3
0 0 15 7 4
0 0 15 8 4
0 0 15 9 3
0 0 15 10 1
0 0 15 11 2
0 0 15 12 3
0 0 15 13 2
0 0 15 14 2
0 0 15 15 2
0 0 15 16 4
0 0 15 17 1
0 0 15 18 3
0 0 15 19 2
0 0 15 20 2
0 0 15 21 3
0 0 15 22 4
0 0 15 23 1
0 0 15 24 4
0 0 15 25 4
0 0 15 26 3
0 0 15 27 1
0 0 15 28 2
0 0 15 29 1
0 0 16 4 2
0 0 16 5 3
0 0 16 6 1
0 0 16 7 1
0 0 16 8 3
0 0 16 9 2
0 0 16 10 1
0 0 16 11 1
0 0 16 12 4
0 0 16 13 4
0 0 16 14 3
0 0 16 15 4
0 0 16 16 4
0 0 16 17 1
0 0 16 18 4
0 0 16 19 1
0 0 16 20 3
0 0 16 21 2
0 0 16 22 3
0 0 16 23 4
0 0 16 24 4
0 0 16 25 4
0 0 16 26 1
0 0 16 27 2
0 0 16 28 3
0 0 16 29 4
0 0 16 30 4
0 0 16 31 3
0 0 17 5 1
0 0 17 6 3
0 0 17 7 2
0 0 17 8 3
0 0 17 9 1
0 0 17 10 2
0 0 17 11 3
0 0 17 12 1
0 0 17 13 4
0 0 17 14 1
0 0 17 15 3
0 0 17 16 1
0 0 17 17 1
0 0 17 18 3
0 0 17 19 2
0 0 17 20 4
0 0 17 21 1
0 0 17 22 3
0 0 17 24 2
0 0 17 25 4
0 0 17 26 4
0 0 17 27 3
0 0 17 28 4
0 0 17 31 2
0 0 18 4 3
0 0 18 5 2
0 0 18 6 3
0 0 18 7 3
0 0 18 8 4
0 0 18 9 3
0 0 18 10 3
0 0 18 11 4
0 0 18 12 1
0 0 18 13 4
0 0 18 14 2
0 0 18 15 2
0 0 18 16 3
0 0 18 17 1
0 0 18 18 3
0 0 18 19 3
0 0 18 20 4
0 0 18 22 1
0 0 18 23 1
0 0 18 24 2
0 0 18 26 4
0 0 19 1 2
0 0 19 3 3
0 0 19 4 4
0 0 19 5 1
0 0 19 6 1
0 0 19 7 3
0 0 19 8 1
0 0 19 9 4
0 0 19 10 2
0 0 19 11 3
0 0 19 12 4
0 0 19 13 4
0 0 19 14 4
0 0 19 15 3
0 0 19 16 2
0 0 19 17 3
0 0 19 18 1
0 0 19 19 2
0 0 19 20 3
0 0 19 21 4
0 0 19 22 4
0 0 19 23 3
0 0 19 24 1
0 0 19 25 4
0 0 20 1 3
0 0 20 2 4
0 0 20 3 4
0 0 20 4 1
0 0 20 5 4
0 0 20 6 1
0 0 20 7 1
0 0 20 8 1
0 0 20 9 3
0 0 20 10 4
0 0 20 11 1
0 0 20 12 1
0 0 20 13 2
0 0 20 14 4
0 0 20 15 4
0 0 20 16 1
0 0 20 17 3
0 0 20 18 2
0 0 20 19 1
0 0 20 20 1
0 0 20 21 1
0 0 20 22 1
0 0 20 23 2
0 0 20 24 2
0 0 20 25 3
0 0 21 2 4
0 0 21 3 2
0 0 21 4 2
0 0 21 5 4
0 0 21 6 4
0 0 21 8 1
0 0 21 10 3
0 0 21 11 4
0 0 21 12 2
0 0 21 13 2
0 0 21 14 1
0 0 21 15 2
0 0 21 16 1
0 0 21 17 1
0 0 21 18 3
0 0 21 19 1
0 0 21 20 2
0 0 21 21 1
0 0 21 22 4
0 0 21 23 3
0 0 21 24 2
0 0 21 25 2
0 0 21 26 2
0 0 21 27 1
0 0 22 3 1
0 0 22 4 4
0 0 22 5 4
0 0 22 6 2
0 0 22 7 2
0 0 22 8 1
0 0 22 9 3
0 0 22 10 2
0 0 22 11 3
0 0 22 12 2
0 0 22 13 4
0 0 22 14 1
0 0 22 15 3
0 0 22 16 4
0 0 22 17 1
0 0 22 18 4
0 0 22 20 3
0 0 22 21 4
0 0 22 24 4
0 0 22 25 2
0 0 22 26 3
0 0 22 27 4
0 0 22 28 4
0 0 22 29 3
0 0 23 2 3
0 0 23 3 2
0 0 23 5 3
0 0 23 7 3
0 0 23 8 4
0 0 23 9 4
0 0 23 10 3
0 0 23 11 4
0 0 23 12 2
0 0 23 13 3
0 0 23 14 2
0 0 23 15 2
0 0 23 16 3
0 0 23 17 4
0 0 23 18 1
0 0 23 19 3
0 0 23 20 4
0 0 23 21 3
0 0 23 22 1
0 0 23 23 2
0 0 23 24 3
0 0 23 25 2
0 0 23 26 1
0 0 23 29 2
0 0 24 1 3
0 0 24 2 4
0 0 24 3 1
0 0 24 4 1
0 0 24 7 1
0 0 24 8 1
0 0 24 9 4
0 0 24 10 2
0 0 24 12 1
0 0 24 15 4
0 0 24 16 4
0 0 24 17 4
0 0 24 20 1
0 0 24 21 1
0 0 24 23 3
0 0 24 24 4
0 0 24 29 2
0 0 25 2 1
0 0 25 3 1
0 0 25 8 2
0 0 25 9 3
0 0 25 10 1
0 0 25 11 2
0 0 25 12 3
0 0 25 13 1
0 0 25 16 2
0 0 25 17 3
0 0 25 18 2
0 0 25 19 4
0 0 25 20 4
0 0 25 24 3
0 0 26 2 4
0 0 26 4 4
0 0 26 5 3
0 0 26 6 4
0 0 26 7 2
0 0 26 8 2
0 0 26 11 3
0 0 26 12 4
0 0 26 13 1
0 0 26 14 4
0 0 26 18 4
0 0 26 19 4
0 0 27 5 2
0 0 27 6 2
0 0 27 7 2
0 0 27 8 3
0 0 27 9 4
0 0 27 12 3
0 0 28 5 1
0 0 28 6 3
0 0 28 7 2
0 0 29 6 4
0 0 29 7 1
0 0 30 6 4
0 0 31 5 2
0 0 31 6 3
