0 0 1 2 3
0 0 1 3 2
0 0 1 4 1
0 0 1 5 3
0 0 1 6 1
0 0 1 7 1
0 0 1 13 1
0 0 1 14 1
0 0 2 1 1
0 0 2 2 1
0 0 2 6 3
0 0 2 11 1
0 0 2 13 1
0 0 2 14 1
0 0 2 15 3
0 0 2 16 2
0 0 2 17 1
0 0 2 26 1
0 0 3 6 1
0 0 3 7 1
0 0 3 9 1
0 0 3 10 1
0 0 3 11 1
0 0 3 12 3
0 0 3 13 2
0 0 3 14 1
0 0 3 15 2
0 0 3 16 1
0 0 3 17 1
0 0 3 23 1
0 0 3 24 3
0 0 3 26 1
0 0 3 27 3
0 0 4 4 1
0 0 4 6 1
0 0 4 7 1
0 0 4 8 3
0 0 4 9 2
0 0 4 10 1
0 0 4 11 3
0 0 4 12 2
0 0 4 13 2
0 0 4 14 3
0 0 4 15 2
0 0 4 16 1
0 0 4 17 1
0 0 4 20 1
0 0 4 21 1
0 0 4 22 2
0 0 4 23 3
0 0 4 25 1
0 0 4 26 1
0 0 4 27 2
0 0 4 28 1
0 0 5 2 1
0 0 5 4 1
0 0 5 5 3
0 0 5 6 2
0 0 5 7 1
0 0 5 8 2
0 0 5 9 2
0 0 5 10 1
0 0 5 11 1
0 0 5 12 1
0 0 5 14 2
0 0 5 15 2
0 0 5 16 3
0 0 5 18 1
0 0 5 19 1
0 0 5 20 1
0 0 5 21 1
0 0 5 22 3
0 0 5 23 2
0 0 5 24 1
0 0 5 25 1
0 0 5 26 2
0 0 5 27 1
0 0 6 2 1
0 0 6 3 3
0 0 6 4 1
0 0 6 5 2
0 0 6 8 2
0 0 6 9 1
0 0 6 10 1
0 0 6 11 1
0 0 6 12 1
0 0 6 13 3
0 0 6 14 2
0 0 6 15 1
0 0 6 16 2
0 0 6 17 1
0 0 6 18 1
0 0 6 19 1
0 0 6 20 3
0 0 6 21 2
0 0 6 22 2
0 0 6 23 1
0 0 6 24 1
0 0 6 25 1
0 0 6 26 1
0 0 6 27 3
0 0 7 2 1
0 0 7 3 2
0 0 7 4 1
0 0 7 5 2
0 0 7 6 3
0 0 7 7 2
0 0 7 8 1
0 0 7 9 1
0 0 7 10 3
0 0 7 11 2
0 0 7 12 1
0 0 7 13 2
0 0 7 14 3
0 0 7 15 3
0 0 7 16 1
0 0 7 17 1
0 0 7 18 1
0 0 7 19 1
0 0 7 20 2
0 0 7 23 2
0 0 7 24 3
0 0 7 25 1
0 0 7 26 3
0 0 7 27 1
0 0 8 2 1
0 0 8 3 3
0 0 8 4 2
0 0 8 5 3
0 0 8 6 2
0 0 8 7 1
0 0 8 8 3
0 0 8 9 1
0 0 8 10 2
0 0 8 11 2
0 0 8 12 1
0 0 8 13 2
0 0 8 14 2
0 0 8 15 1
0 0 8 16 2
0 0 8 17 3
0 0 8 23 1
0 0 8 24 2
0 0 8 25 1
0 0 8 26 3
0 0 8 27 1
0 0 9 1 1
0 0 9 3 2
0 0 9 4 1
0 0 9 5 1
0 0 9 6 1
0 0 9 8 2
0 0 9 9 2
0 0 9 10 2
0 0 9 11 1
0 0 9 13 3
0 0 9 14 1
0 0 9 15 1
0 0 9 16 1
0 0 9 17 2
0 0 9 18 1
0 0 9 23 2
0 0 9 24 2
0 0 9 26 2
0 0 10 1 1
0 0 10 2 3
0 0 10 3 2
0 0 10 4 1
0 0 10 5 1
0 0 10 6 2
0 0 10 8 1
0 0 10 9 3
0 0 10 10 2
0 0 10 11 2
0 0 10 12 1
0 0 10 13 1
0 0 10 14 2
0 0 10 15 3
0 0 10 16 1
0 0 10 17 1
0 0 10 18 1
0 0 10 19 3
0 0 10 20 2
0 0 10 21 2
0 0 10 22 1
0 0 10 23 2
0 0 10 24 3
0 0 10 25 1
0 0 10 26 1
0 0 10 30 1
0 0 11 1 1
0 0 11 2 2
0 0 11 3 3
0 0 11 4 2
0 0 11 5 3
0 0 11 6 3
0 0 11 7 2
0 0 11 8 1
0 0 11 9 1
0 0 11 10 1
0 0 11 11 1
0 0 11 12 2
0 0 11 13 2
0 0 11 14 2
0 0 11 15 1
0 0 11 16 2
0 0 11 17 1
0 0 11 18 1
0 0 11 19 3
0 0 11 20 2
0 0 11 21 1
0 0 11 22 1
0 0 11 23 1
0 0 11 24 2
0 0 11 25 1
0 0 11 26 1
0 0 11 27 1
0 0 11 28 3
0 0 11 30 1
0 0 11 31 3
0 0 12 1 1
0 0 12 2 1
0 0 12 3 1
0 0 12 4 1
0 0 12 5 1
0 0 12 6 1
0 0 12 8 1
0 0 12 9 1
0 0 12 10 2
0 0 12 11 2
0 0 12 12 1
0 0 12 13 2
0 0 12 14 1
0 0 12 15 1
0 0 12 16 3
0 0 12 17 2
0 0 12 18 1
0 0 12 19 2
0 0 12 20 1
0 0 12 21 1
0 0 12 22 1
0 0 12 23 1
0 0 12 24 3
0 0 12 25 1
0 0 12 26 3
0 0 12 27 1
0 0 12 28 3
0 0 12 30 1
0 0 12 31 3
0 0 13 2 1
0 0 13 3 1
0 0 13 4 2
0 0 13 5 1
0 0 13 6 1
0 0 13 9 2
0 0 13 10 3
0 0 13 11 2
0 0 13 12 2
0 0 13 13 3
0 0 13 14 1
0 0 13 15 1
0 0 13 16 2
0 0 13 17 1
0 0 13 18 2
0 0 13 19 1
0 0 13 20 1
0 0 13 21 1
0 0 13 22 1
0 0 13 23 2
0 0 13 25 1
0 0 13 26 2
0 0 13 27 3
0 0 13 28 1
0 0 13 29 1
0 0 13 31 2
0 0 14 2 2
0 0 14 4 3
0 0 14 5 2
0 0 14 6 1
0 0 14 7 3
0 0 14 8 1
0 0 14 9 1
0 0 14 10 1
0 0 14 11 1
0 0 14 12 1
0 0 14 13 1
0 0 14 14 1
0 0 14 15 1
0 0 14 16 1
0 0 14 17 3
0 0 14 18 2
0 0 14 19 2
0 0 14 20 3
0 0 14 21 1
0 0 14 22 1
0 0 14 23 1
0 0 14 24 3
0 0 14 25 2
0 0 14 26 1
0 0 14 27 2
0 0 14 28 1
0 0 14 29 1
0 0 14 31 1
0 0 15 2 3
0 0 15 3 3
0 0 15 4 1
0 0 15 5 3
0 0 15 6 1
0 0 15 7 3
0 0 15 8 1
0 0 15 9 1
0 0 15 10 1
0 0 15 11 2
0 0 15 12 1
0 0 15 13 1
0 0 15 14 1
0 0 15 15 1
0 0 15 16 1
0 0 15 17 3
0 0 15 18 2
0 0 15 19 1
0 0 15 20 2
0 0 15 21 1
0 0 15 22 1
0 0 15 23 1
0 0 15 24 3
0 0 15 25 2
0 0 15 26 2
0 0 15 27 1
0 0 15 28 1
0 0 15 29 1
0 0 15 30 3
0 0 15 31 3
0 0 16 1 1
0 0 16 2 1
0 0 16 3 1
0 0 16 4 1
0 0 16 5 1
0 0 16 6 1
0 0 16 7 2
0 0 16 8 1
0 0 16 9 1
0 0 16 10 3
0 0 16 11 2
0 0 16 12 1
0 0 16 13 1
0 0 16 14 3
0 0 16 15 2
0 0 16 16 1
0 0 16 17 2
0 0 16 18 3
0 0 16 19 1
0 0 16 20 1
0 0 16 21 1
0 0 16 22 1
0 0 16 23 1
0 0 16 24 2
0 0 16 27 2
0 0 16 28 3
0 0 16 29 1
0 0 16 30 3
0 0 16 31 1
0 0 17 1 1
0 0 17 2 1
0 0 17 3 2
0 0 17 4 1
0 0 17 5 1
0 0 17 6 1
0 0 17 7 3
0 0 17 8 2
0 0 17 9 1
0 0 17 10 2
0 0 17 11 1
0 0 17 12 3
0 0 17 13 2
0 0 17 14 2
0 0 17 15 2
0 0 17 16 1
0 0 17 17 2
0 0 17 18 2
0 0 17 19 1
0 0 17 20 2
0 0 17 21 3
0 0 17 27 1
0 0 17 28 2
0 0 17 29 1
0 0 17 31 1
0 0 18 3 3
0 0 18 4 2
0 0 18 6 3
0 0 18 7 2
0 0 18 8 2
0 0 18 9 3
0 0 18 10 1
0 0 18 11 1
0 0 18 12 2
0 0 18 13 1
0 0 18 14 2
0 0 18 15 2
0 0 18 16 1
0 0 18 17 3
0 0 18 18 1
0 0 18 19 1
0 0 18 20 1
0 0 18 21 2
0 0 18 25 2
0 0 18 26 1
0 0 18 27 2
0 0 18 28 2
0 0 18 29 1
0 0 19 2 3
0 0 19 3 1
0 0 19 5 1
0 0 19 6 1
0 0 19 7 2
0 0 19 8 2
0 0 19 9 1
0 0 19 10 1
0 0 19 11 1
0 0 19 13 1
0 0 19 14 3
0 0 19 15 2
0 0 19 16 1
0 0 19 17 1
0 0 19 18 2
0 0 19 19 3
0 0 19 20 2
0 0 19 21 2
0 0 19 22 1
0 0 19 23 1
0 0 19 24 2
0 0 19 25 2
0 0 19 26 1
0 0 19 27 2
0 0 19 28 3
0 0 19 29 1
0 0 20 6 1
0 0 20 7 3
0 0 20 8 2
0 0 20 9 3
0 0 20 10 2
0 0 20 11 3
0 0 20 12 2
0 0 20 13 1
0 0 20 14 1
0 0 20 15 1
0 0 20 16 1
0 0 20 17 2
0 0 20 18 2
0 0 20 19 1
0 0 20 20 2
0 0 20 21 3
0 0 20 22 1
0 0 20 23 1
0 0 20 24 2
0 0 20 25 3
0 0 20 26 1
0 0 20 27 1
0 0 20 28 2
0 0 20 29 1
0 0 21 6 1
0 0 21 7 1
0 0 21 8 1
0 0 21 9 1
0 0 21 10 1
0 0 21 11 1
0 0 21 13 1
0 0 21 14 1
0 0 21 15 2
0 0 21 16 1
0 0 21 17 2
0 0 21 18 3
0 0 21 19 1
0 0 21 20 1
0 0 21 22 1
0 0 21 26 1
0 0 21 27 1
0 0 21 28 3
0 0 21 29 1
0 0 22 6 1
0 0 22 7 1
0 0 22 8 2
0 0 22 9 2
0 0 22 10 1
0 0 22 11 3
0 0 22 12 2
0 0 22 14 1
0 0 22 15 3
0 0 22 16 2
0 0 22 17 1
0 0 22 18 1
0 0 22 19 1
0 0 22 20 1
0 0 22 29 1
0 0 23 5 1
0 0 23 6 1
0 0 23 7 1
0 0 23 8 3
0 0 23 9 2
0 0 23 10 1
0 0 23 11 1
0 0 23 12 1
0 0 23 13 2
0 0 23 14 1
0 0 23 15 1
0 0 23 16 2
0 0 23 17 3
0 0 23 18 2
0 0 24 5 1
0 0 24 6 1
0 0 24 7 3
0 0 24 8 1
0 0 24 9 2
0 0 24 10 2
0 0 24 11 1
0 0 24 12 2
0 0 24 13 3
0 0 24 14 1
0 0 24 15 2
0 0 24 16 1
0 0 24 17 2
0 0 24 18 3
0 0 24 19 1
0 0 25 5 3
0 0 25 6 2
0 0 25 7 3
0 0 25 8 2
0 0 25 9 2
0 0 25 10 3
0 0 25 11 1
0 0 25 12 1
0 0 25 13 2
0 0 25 14 3
0 0 25 15 3
0 0 25 16 1
0 0 25 17 1
0 0 25 19 3
0 0 26 4 1
0 0 26 5 1
0 0 26 6 1
0 0 26 7 1
0 0 26 9 1
0 0 26 10 1
0 0 26 11 1
0 0 26 12 1
0 0 26 14 1
0 0 26 15 1
0 0 26 16 1
0 0 26 17 1
0 0 26 18 1
0 0 27 7 2
0 0 27 8 1
0 0 27 9 3
0 0 27 10 3
0 0 27 11 1
0 0 27 12 1
0 0 27 13 2
0 0 27 14 3
0 0 27 15 3
0 0 27 16 1
0 0 27 17 2
0 0 27 18 1
0 0 27 19 1
0 0 27 20 1
0 0 28 5 1
0 0 28 6 2
0 0 28 7 3
0 0 28 8 1
0 0 28 9 1
0 0 28 11 1
0 0 28 14 1
0 0 28 15 1
0 0 28 16 3
0 0 28 17 1
0 0 28 18 2
0 0 28 19 3
0 0 29 8 1
0 0 29 9 1
0 0 29 18 1
