0 0 1 23 3
0 0 1 24 1
0 0 2 14 4
0 0 2 15 2
0 0 2 16 1
0 0 2 20 3
0 0 2 21 4
0 0 2 24 3
0 0 2 25 1
0 0 3 13 1
0 0 3 14 3
0 0 3 15 2
0 0 3 16 4
0 0 3 17 1
0 0 3 21 3
0 0 3 22 4
0 0 3 24 2
0 0 3 25 3
0 0 3 26 4
0 0 4 11 4
0 0 4 12 1
0 0 4 13 3
0 0 4 14 2
0 0 4 15 4
0 0 4 16 1
0 0 4 17 3
0 0 4 18 4
0 0 4 21 2
0 0 4 24 4
0 0 4 25 2
0 0 4 26 2
0 0 5 10 4
0 0 5 11 2
0 0 5 12 3
0 0 5 13 2
0 0 5 14 3
0 0 5 15 2
0 0 5 16 3
0 0 5 17 2
0 0 5 19 4
0 0 5 21 2
0 0 5 22 2
0 0 5 23 3
0 0 5 24 1
0 0 5 25 4
0 0 5 26 3
0 0 5 27 1
0 0 6 9 1
0 0 6 10 3
0 0 6 11 2
0 0 6 12 4
0 0 6 13 1
0 0 6 14 4
0 0 6 15 1
0 0 6 16 2
0 0 6 17 3
0 0 6 18 1
0 0 6 19 3
0 0 6 20 4
0 0 6 21 3
0 0 6 22 3
0 0 6 23 3
0 0 6 24 4
0 0 6 25 1
0 0 6 27 3
0 0 6 28 1
0 0 7 8 1
0 0 7 9 3
0 0 7 10 2
0 0 7 11 4
0 0 7 12 1
0 0 7 13 4
0 0 7 14 3
0 0 7 15 3
0 0 7 16 1
0 0 7 17 3
0 0 7 18 1
0 0 7 19 4
0 0 7 20 3
0 0 7 21 1
0 0 7 22 4
0 0 7 23 1
0 0 7 24 3
0 0 7 25 4
0 0 7 26 2
0 0 7 27 2
0 0 7 28 3
0 0 7 29 4
0 0 8 8 3
0 0 8 9 3
0 0 8 10 2
0 0 8 11 4
0 0 8 12 3
0 0 8 13 4
0 0 8 14 2
0 0 8 15 3
0 0 8 16 3
0 0 8 17 1
0 0 8 18 1
0 0 8 19 1
0 0 8 20 3
0 0 8 21 3
0 0 8 22 1
0 0 8 23 3
0 0 8 24 2
0 0 8 25 3
0 0 8 26 4
0 0 8 27 4
0 0 8 28 2
0 0 8 29 2
0 0 9 7 1
0 0 9 8 4
0 0 9 9 1
0 0 9 10 4
0 0 9 11 3
0 0 9 12 2
0 0 9 13 3
0 0 9 14 4
0 0 9 15 1
0 0 9 16 2
0 0 9 17 3
0 0 9 18 4
0 0 9 19 2
0 0 9 20 1
0 0 9 21 2
0 0 9 22 3
0 0 9 23 4
0 0 9 24 2
0 0 9 25 2
0 0 9 26 3
0 0 9 27 1
0 0 9 28 4
0 0 9 29 1
0 0 10 7 2
0 0 10 8 2
0 0 10 9 4
0 0 10 10 3
0 0 10 11 2
0 0 10 12 2
0 0 10 13 2
0 0 10 14 1
0 0 10 15 3
0 0 10 16 4
0 0 10 17 2
0 0 10 18 2
0 0 10 19 2
0 0 10 20 4
0 0 10 21 1
0 0 10 22 2
0 0 10 23 4
0 0 10 24 3
0 0 10 25 2
0 0 10 26 2
0 0 10 27 3
0 0 10 28 1
0 0 10 29 1
0 0 11 2 4
0 0 11 5 1
0 0 11 6 1
0 0 11 7 4
0 0 11 8 2
0 0 11 9 3
0 0 11 10 2
0 0 11 11 4
0 0 11 12 3
0 0 11 13 2
0 0 11 14 2
0 0 11 15 3
0 0 11 16 1
0 0 11 17 4
0 0 11 18 3
0 0 11 19 1
0 0 11 20 1
0 0 11 21 3
0 0 11 22 4
0 0 11 23 1
0 0 11 24 1
0 0 11 25 3
0 0 11 26 2
0 0 11 27 4
0 0 11 28 1
0 0 12 1 1
0 0 12 2 3
0 0 12 3 2
0 0 12 5 3
0 0 12 6 1
0 0 12 7 3
0 0 12 8 2
0 0 12 9 4
0 0 12 10 1
0 0 12 11 4
0 0 12 12 4
0 0 12 13 3
0 0 12 14 4
0 0 12 15 3
0 0 12 16 4
0 0 12 17 1
0 0 12 18 2
0 0 12 19 3
0 0 12 20 1
0 0 12 21 2
0 0 12 22 1
0 0 12 24 1
0 0 12 25 4
0 0 12 26 3
0 0 12 27 4
0 0 12 28 3
0 0 12 29 4
0 0 13 0 1
0 0 13 1 4
0 0 13 2 1
0 0 13 3 3
0 0 13 4 2
0 0 13 5 1
0 0 13 6 3
0 0 13 7 2
0 0 13 8 4
0 0 13 9 1
0 0 13 10 4
0 0 13 11 3
0 0 13 12 2
0 0 13 13 1
0 0 13 14 3
0 0 13 15 2
0 0 13 16 3
0 0 13 17 4
0 0 13 18 4
0 0 13 19 2
0 0 13 20 3
0 0 13 21 4
0 0 13 22 2
0 0 13 23 3
0 0 13 24 3
0 0 13 25 4
0 0 13 26 3
0 0 13 27 2
0 0 13 28 2
0 0 14 0 2
0 0 14 1 2
0 0 14 2 4
0 0 14 5 3
0 0 14 6 3
0 0 14 7 1
0 0 14 8 3
0 0 14 9 3
0 0 14 10 3
0 0 14 11 2
0 0 14 12 1
0 0 14 13 3
0 0 14 14 2
0 0 14 15 4
0 0 14 16 2
0 0 14 17 4
0 0 14 18 3
0 0 14 19 4
0 0 14 20 2
0 0 14 21 2
0 0 14 22 1
0 0 14 23 2
0 0 14 24 2
0 0 14 25 4
0 0 14 28 2
0 0 15 0 4
0 0 15 1 3
0 0 15 2 2
0 0 15 4 4
0 0 15 5 3
0 0 15 7 4
0 0 15 8 1
0 0 15 9 2
0 0 15 10 4
0 0 15 11 3
0 0 15 12 3
0 0 15 13 3
0 0 15 14 3
0 0 15 15 1
0 0 15 16 2
0 0 15 17 2
0 0 15 18 3
0 0 15 19 1
0 0 15 20 4
0 0 15 21 1
0 0 15 22 2
0 0 15 23 3
0 0 15 24 2
0 0 15 25 2
0 0 15 27 4
0 0 15 28 3
0 0 16 1 1
0 0 16 2 3
0 0 16 4 1
0 0 16 5 4
0 0 16 6 4
0 0 16 7 3
0 0 16 8 2
0 0 16 9 2
0 0 16 10 3
0 0 16 11 3
0 0 16 12 2
0 0 16 13 1
0 0 16 14 4
0 0 16 15 4
0 0 16 16 3
0 0 16 17 3
0 0 16 18 2
0 0 16 19 3
0 0 16 20 1
0 0 16 21 2
0 0 16 22 3
0 0 16 23 4
0 0 16 24 3
0 0 16 25 3
0 0 16 28 4
0 0 16 29 3
0 0 17 2 1
0 0 17 3 3
0 0 17 4 4
0 0 17 5 1
0 0 17 6 3
0 0 17 7 2
0 0 17 8 2
0 0 17 10 4
0 0 17 12 3
0 0 17 13 4
0 0 17 14 3
0 0 17 15 2
0 0 17 16 1
0 0 17 17 3
0 0 17 18 1
0 0 17 19 4
0 0 17 20 3
0 0 17 21 4
0 0 17 22 4
0 0 17 23 1
0 0 17 24 2
0 0 17 25 3
0 0 17 26 3
0 0 18 3 2
0 0 18 4 2
0 0 18 5 4
0 0 18 8 2
0 0 18 12 2
0 0 18 13 3
0 0 18 14 3
0 0 18 15 4
0 0 18 16 2
0 0 18 17 4
0 0 18 18 3
0 0 18 19 2
0 0 18 20 2
0 0 18 21 1
0 0 18 22 3
0 0 18 24 3
0 0 19 3 4
0 0 19 4 3
0 0 19 5 2
0 0 19 7 4
0 0 19 8 3
0 0 19 12 2
0 0 19 13 2
0 0 19 14 3
0 0 19 15 1
0 0 19 16 4
0 0 19 17 4
0 0 19 18 3
0 0 19 19 4
0 0 19 20 2
0 0 19 21 3
0 0 19 22 2
0 0 19 23 3
0 0 19 24 1
0 0 20 4 1
0 0 20 5 3
0 0 20 8 4
0 0 20 9 3
0 0 20 11 4
0 0 20 12 3
0 0 20 14 2
0 0 20 15 3
0 0 20 16 1
0 0 20 17 3
0 0 20 18 2
0 0 20 19 2
0 0 20 20 3
0 0 20 21 2
0 0 20 22 3
0 0 20 23 1
0 0 21 5 1
0 0 21 6 3
0 0 21 12 1
0 0 21 15 4
0 0 21 16 1
0 0 21 17 3
0 0 21 18 2
0 0 21 19 1
0 0 21 20 4
0 0 21 21 1
0 0 21 22 4
0 0 21 23 3
0 0 21 24 4
0 0 22 14 4
0 0 22 15 3
0 0 22 16 1
0 0 22 17 2
0 0 22 18 3
0 0 22 19 4
0 0 22 20 1
0 0 22 21 3
0 0 22 22 3
0 0 22 23 4
0 0 22 27 3
0 0 23 14 1
0 0 23 15 1
0 0 23 16 4
0 0 23 17 3
0 0 23 18 1
0 0 23 19 4
0 0 23 20 2
0 0 23 21 3
0 0 23 22 1
0 0 23 23 3
0 0 23 24 2
0 0 23 25 2
0 0 23 26 3
0 0 23 27 4
0 0 24 14 2
0 0 24 15 2
0 0 24 16 1
0 0 24 17 1
0 0 24 18 4
0 0 24 19 2
0 0 24 20 3
0 0 24 21 1
0 0 24 22 4
0 0 24 23 3
0 0 24 24 2
0 0 24 26 4
0 0 25 14 4
0 0 25 15 2
0 0 25 16 3
0 0 25 18 1
0 0 25 19 4
0 0 25 20 4
0 0 25 21 3
0 0 25 22 1
0 0 25 23 3
0 0 25 24 3
0 0 25 28 3
0 0 26 13 1
0 0 26 14 3
0 0 26 15 2
0 0 26 16 4
0 0 26 17 1
0 0 26 18 1
0 0 26 19 3
0 0 26 20 2
0 0 26 21 2
0 0 26 22 3
0 0 26 23 4
0 0 26 24 1
0 0 26 25 4
0 0 26 26 2
0 0 26 27 3
0 0 26 28 1
0 0 27 12 1
0 0 27 13 3
0 0 27 14 2
0 0 27 15 4
0 0 27 16 1
0 0 27 17 4
0 0 27 18 3
0 0 27 19 2
0 0 27 20 2
0 0 27 21 3
0 0 27 22 4
0 0 27 23 1
0 0 27 24 4
0 0 27 25 2
0 0 27 26 3
0 0 27 27 1
0 0 28 12 3
0 0 28 16 3
0 0 28 17 3
0 0 28 18 2
0 0 28 19 2
0 0 28 20 3
0 0 28 21 4
0 0 28 22 2
0 0 28 24 3
0 0 28 25 2
0 0 28 26 4
0 0 29 14 4
0 0 29 16 2
0 0 29 17 4
0 0 29 18 4
0 0 29 19 3
0 0 29 20 1
0 0 29 21 4
0 0 29 22 2
0 0 29 23 3
0 0 29 24 1
0 0 30 13 4
0 0 30 14 3
0 0 30 15 2
0 0 30 16 2
0 0 30 17 3
0 0 30 18 1
0 0 30 19 1
0 0 30 20 4
0 0 30 21 2
0 0 30 22 3
0 0 30 23 1
0 0 31 13 3
0 0 31 17 4
0 0 31 19 1
0 0 31 20 1
0 0 31 21 2
0 0 31 22 4
