0 0 0 18 2
0 0 0 19 1
0 0 1 15 2
0 0 1 16 3
0 0 1 17 1
0 0 1 18 1
0 0 1 19 2
0 0 1 20 1
0 0 2 16 2
0 0 2 17 3
0 0 2 18 1
0 0 2 19 1
0 0 2 20 2
0 0 2 21 3
0 0 3 15 2
0 0 3 16 2
0 0 3 17 1
0 0 3 18 3
0 0 3 19 3
0 0 3 20 3
0 0 3 21 1
0 0 4 14 2
0 0 4 15 1
0 0 4 16 2
0 0 4 17 2
0 0 4 18 2
0 0 4 19 2
0 0 4 20 2
0 0 4 21 1
0 0 4 22 2
0 0 4 23 1
0 0 5 8 3
0 0 5 10 2
0 0 5 15 2
0 0 5 16 1
0 0 5 17 2
0 0 5 18 3
0 0 5 19 1
0 0 5 20 1
0 0 5 21 2
0 0 5 22 3
0 0 5 23 2
0 0 5 24 3
0 0 6 6 2
0 0 6 8 3
0 0 6 9 1
0 0 6 10 1
0 0 6 11 2
0 0 6 12 3
0 0 6 15 2
0 0 6 16 1
0 0 6 17 2
0 0 6 18 1
0 0 6 19 3
0 0 6 20 3
0 0 6 21 3
0 0 6 22 1
0 0 6 23 3
0 0 6 24 1
0 0 7 4 3
0 0 7 5 1
0 0 7 6 1
0 0 7 7 3
0 0 7 8 1
0 0 7 9 2
0 0 7 10 3
0 0 7 11 3
0 0 7 12 1
0 0 7 13 2
0 0 7 14 3
0 0 7 15 1
0 0 7 16 2
0 0 7 17 2
0 0 7 18 2
0 0 7 19 2
0 0 7 20 2
0 0 7 21 3
0 0 7 22 1
0 0 7 23 2
0 0 7 24 1
0 0 7 25 2
0 0 8 3 1
0 0 8 4 2
0 0 8 5 2
0 0 8 6 3
0 0 8 7 3
0 0 8 8 1
0 0 8 9 1
0 0 8 10 2
0 0 8 11 3
0 0 8 12 1
0 0 8 13 2
0 0 8 14 1
0 0 8 15 2
0 0 8 16 2
0 0 8 17 1
0 0 8 18 3
0 0 8 19 1
0 0 8 20 1
0 0 8 21 2
0 0 8 22 2
0 0 8 23 2
0 0 8 24 2
0 0 9 3 3
0 0 9 4 1
0 0 9 5 1
0 0 9 6 2
0 0 9 7 1
0 0 9 8 3
0 0 9 9 3
0 0 9 10 3
0 0 9 11 1
0 0 9 12 2
0 0 9 13 3
0 0 9 14 1
0 0 9 15 1
0 0 9 16 2
0 0 9 17 1
0 0 9 18 2
0 0 9 19 3
0 0 9 20 3
0 0 9 21 2
0 0 9 22 1
0 0 9 23 3
0 0 9 24 3
0 0 9 25 3
0 0 9 26 3
0 0 10 2 1
0 0 10 3 2
0 0 10 4 3
0 0 10 5 3
0 0 10 6 2
0 0 10 7 2
0 0 10 8 2
0 0 10 9 3
0 0 10 10 3
0 0 10 11 1
0 0 10 12 1
0 0 10 13 2
0 0 10 14 3
0 0 10 15 3
0 0 10 16 3
0 0 10 17 2
0 0 10 18 2
0 0 10 19 1
0 0 10 20 1
0 0 10 21 3
0 0 10 22 3
0 0 10 23 1
0 0 10 24 3
0 0 10 25 1
0 0 11 2 2
0 0 11 3 1
0 0 11 4 3
0 0 11 5 2
0 0 11 6 3
0 0 11 7 1
0 0 11 8 1
0 0 11 9 2
0 0 11 10 1
0 0 11 11 3
0 0 11 12 3
0 0 11 13 3
0 0 11 14 1
0 0 11 15 2
0 0 11 16 3
0 0 11 17 3
0 0 11 18 1
0 0 11 19 2
0 0 11 20 3
0 0 11 21 2
0 0 11 22 3
0 0 11 23 1
0 0 11 24 2
0 0 11 25 1
0 0 11 26 2
0 0 12 3 1
0 0 12 4 3
0 0 12 5 1
0 0 12 6 2
0 0 12 7 3
0 0 12 8 3
0 0 12 9 2
0 0 12 10 2
0 0 12 11 3
0 0 12 12 1
0 0 12 13 1
0 0 12 14 1
0 0 12 15 2
0 0 12 16 1
0 0 12 17 3
0 0 12 18 3
0 0 12 19 3
0 0 12 20 1
0 0 12 21 1
0 0 12 22 3
0 0 12 23 2
0 0 12 24 2
0 0 12 25 2
0 0 13 3 3
0 0 13 4 1
0 0 13 5 2
0 0 13 6 1
0 0 13 7 3
0 0 13 8 2
0 0 13 9 1
0 0 13 10 3
0 0 13 11 1
0 0 13 12 2
0 0 13 13 2
0 0 13 14 2
0 0 13 15 2
0 0 13 16 2
0 0 13 17 2
0 0 13 18 2
0 0 13 19 3
0 0 13 20 1
0 0 13 21 2
0 0 13 22 1
0 0 13 23 3
0 0 13 24 1
0 0 13 25 2
0 0 13 27 2
0 0 14 3 1
0 0 14 5 2
0 0 14 6 1
0 0 14 7 3
0 0 14 8 2
0 0 14 9 1
0 0 14 10 3
0 0 14 11 3
0 0 14 12 3
0 0 14 13 1
0 0 14 14 3
0 0 14 15 1
0 0 14 16 3
0 0 14 17 1
0 0 14 18 1
0 0 14 19 2
0 0 14 20 2
0 0 14 21 3
0 0 14 22 2
0 0 14 23 2
0 0 14 24 3
0 0 14 25 2
0 0 14 26 1
0 0 14 27 3
0 0 15 6 3
0 0 15 7 1
0 0 15 8 2
0 0 15 9 3
0 0 15 10 2
0 0 15 11 1
0 0 15 12 1
0 0 15 13 3
0 0 15 14 1
0 0 15 15 1
0 0 15 16 2
0 0 15 17 3
0 0 15 18 3
0 0 15 19 2
0 0 15 20 1
0 0 15 21 3
0 0 15 22 3
0 0 15 23 3
0 0 15 24 1
0 0 15 25 2
0 0 15 26 3
0 0 15 27 1
0 0 16 6 2
0 0 16 7 1
0 0 16 8 2
0 0 16 9 1
0 0 16 10 1
0 0 16 11 2
0 0 16 12 1
0 0 16 13 2
0 0 16 14 3
0 0 16 15 2
0 0 16 16 1
0 0 16 17 3
0 0 16 18 1
0 0 16 19 3
0 0 16 20 3
0 0 16 21 1
0 0 16 22 2
0 0 16 23 3
0 0 16 24 1
0 0 16 25 2
0 0 16 26 3
0 0 16 27 1
0 0 16 28 2
0 0 16 30 1
0 0 17 6 2
0 0 17 8 3
0 0 17 9 2
0 0 17 10 1
0 0 17 11 2
0 0 17 12 2
0 0 17 13 1
0 0 17 14 3
0 0 17 15 2
0 0 17 16 1
0 0 17 17 3
0 0 17 18 2
0 0 17 19 2
0 0 17 20 3
0 0 17 21 1
0 0 17 22 2
0 0 17 23 2
0 0 17 24 2
0 0 17 25 3
0 0 17 26 2
0 0 17 27 2
0 0 17 28 1
0 0 17 29 1
0 0 17 30 3
0 0 18 8 2
0 0 18 9 3
0 0 18 10 1
0 0 18 11 2
0 0 18 12 1
0 0 18 13 1
0 0 18 14 3
0 0 18 15 2
0 0 18 16 3
0 0 18 17 1
0 0 18 18 2
0 0 18 19 1
0 0 18 20 3
0 0 18 21 2
0 0 18 22 2
0 0 18 23 1
0 0 18 24 2
0 0 18 25 1
0 0 18 26 1
0 0 18 27 2
0 0 18 28 1
0 0 18 29 2
0 0 18 30 1
0 0 19 7 2
0 0 19 8 1
0 0 19 9 3
0 0 19 10 1
0 0 19 11 2
0 0 19 12 3
0 0 19 13 3
0 0 19 14 1
0 0 19 15 2
0 0 19 16 3
0 0 19 17 3
0 0 19 18 2
0 0 19 19 1
0 0 19 20 1
0 0 19 21 3
0 0 19 22 3
0 0 19 23 1
0 0 19 24 1
0 0 19 25 2
0 0 19 26 3
0 0 19 27 2
0 0 19 28 1
0 0 19 29 3
0 0 19 30 1
0 0 19 31 2
0 0 20 8 1
0 0 20 9 3
0 0 20 10 3
0 0 20 11 1
0 0 20 12 3
0 0 20 13 2
0 0 20 14 2
0 0 20 15 2
0 0 20 16 1
0 0 20 17 2
0 0 20 18 2
0 0 20 19 2
0 0 20 20 1
0 0 20 21 3
0 0 20 22 1
0 0 20 23 3
0 0 20 24 3
0 0 20 25 3
0 0 20 26 1
0 0 20 27 2
0 0 20 28 3
0 0 20 29 1
0 0 20 30 2
0 0 20 31 1
0 0 21 7 3
0 0 21 8 3
0 0 21 9 1
0 0 21 10 2
0 0 21 11 3
0 0 21 12 3
0 0 21 13 1
0 0 21 14 1
0 0 21 15 2
0 0 21 16 3
0 0 21 17 2
0 0 21 18 2
0 0 21 19 2
0 0 21 20 2
0 0 21 21 2
0 0 21 22 2
0 0 21 23 2
0 0 21 24 1
0 0 21 25 3
0 0 21 26 1
0 0 21 27 2
0 0 21 28 3
0 0 21 29 1
0 0 21 30 2
0 0 22 9 2
0 0 22 10 2
0 0 22 11 1
0 0 22 12 2
0 0 22 13 3
0 0 22 14 1
0 0 22 15 2
0 0 22 16 1
0 0 22 17 3
0 0 22 18 3
0 0 22 19 1
0 0 22 20 2
0 0 22 21 1
0 0 22 22 1
0 0 22 23 2
0 0 22 24 3
0 0 22 25 2
0 0 22 26 2
0 0 22 27 3
0 0 22 28 3
0 0 22 29 2
0 0 22 30 1
0 0 23 8 2
0 0 23 9 1
0 0 23 10 3
0 0 23 11 2
0 0 23 12 1
0 0 23 13 3
0 0 23 14 2
0 0 23 15 2
0 0 23 16 3
0 0 23 17 1
0 0 23 18 1
0 0 23 19 3
0 0 23 20 2
0 0 23 21 1
0 0 23 22 3
0 0 23 23 3
0 0 23 24 3
0 0 23 25 1
0 0 23 26 2
0 0 23 27 1
0 0 23 28 1
0 0 23 29 3
0 0 24 9 1
0 0 24 10 3
0 0 24 11 3
0 0 24 12 1
0 0 24 13 3
0 0 24 14 3
0 0 24 15 1
0 0 24 16 3
0 0 24 17 1
0 0 24 18 2
0 0 24 21 3
0 0 24 22 2
0 0 24 23 1
0 0 24 24 1
0 0 24 25 3
0 0 24 27 2
0 0 25 9 3
0 0 25 10 2
0 0 25 11 3
0 0 25 12 3
0 0 25 13 1
0 0 25 14 2
0 0 25 15 3
0 0 25 16 3
0 0 25 17 2
0 0 25 18 1
0 0 25 23 2
0 0 25 25 3
0 0 26 10 1
0 0 26 11 2
0 0 26 12 1
0 0 26 13 2
0 0 26 14 2
0 0 26 15 1
0 0 26 16 1
0 0 26 17 3
0 0 26 18 1
0 0 26 19 2
0 0 27 12 2
0 0 27 13 1
0 0 27 14 3
0 0 27 15 2
0 0 27 16 2
0 0 27 17 2
0 0 27 18 2
0 0 28 12 3
0 0 28 13 1
0 0 28 14 3
0 0 28 15 3
0 0 28 16 3
0 0 28 17 1
0 0 29 13 3
0 0 29 14 2
0 0 29 15 1
0 0 29 16 1
0 0 29 17 3
0 0 29 18 2
0 0 30 14 1
0 0 30 15 2
