0 0 0 1 1
0 0 1 1 1
0 0 1 10 1
0 0 1 13 1
0 0 1 14 1
0 0 1 20 2
0 0 1 21 1
0 0 1 22 1
0 0 2 1 1
0 0 2 2 1
0 0 2 6 1
0 0 2 10 1
0 0 2 14 1
0 0 2 15 1
0 0 2 16 1
0 0 2 17 1
0 0 2 22 1
0 0 2 23 1
0 0 2 24 1
0 0 2 25 1
0 0 3 0 1
0 0 3 1 1
0 0 3 2 1
0 0 3 3 2
0 0 3 4 1
0 0 3 5 1
0 0 3 6 1
0 0 3 7 1
0 0 3 8 1
0 0 3 9 1
0 0 3 10 1
0 0 3 11 1
0 0 3 12 1
0 0 3 14 1
0 0 3 17 1
0 0 3 18 1
0 0 3 19 1
0 0 3 20 1
0 0 3 22 1
0 0 4 0 1
0 0 4 2 1
0 0 4 3 1
0 0 4 5 1
0 0 4 6 1
0 0 4 7 1
0 0 4 8 1
0 0 4 11 1
0 0 4 12 1
0 0 4 13 1
0 0 4 14 1
0 0 4 17 1
0 0 4 18 1
0 0 4 19 1
0 0 4 20 1
0 0 4 21 1
0 0 4 22 2
0 0 5 0 2
0 0 5 1 1
0 0 5 2 1
0 0 5 3 1
0 0 5 4 2
0 0 5 5 1
0 0 5 6 1
0 0 5 7 1
0 0 5 8 1
0 0 5 9 1
0 0 5 10 1
0 0 5 11 1
0 0 5 12 1
0 0 5 16 1
0 0 5 17 1
0 0 5 18 1
0 0 5 19 1
0 0 5 20 1
0 0 5 22 1
0 0 6 1 1
0 0 6 2 1
0 0 6 3 1
0 0 6 4 1
0 0 6 5 1
0 0 6 6 1
0 0 6 7 1
0 0 6 8 1
0 0 6 9 1
0 0 6 10 1
0 0 6 11 1
0 0 6 12 1
0 0 6 13 1
0 0 6 16 1
0 0 6 17 1
0 0 6 18 1
0 0 6 19 1
0 0 6 20 1
0 0 6 21 1
0 0 6 22 1
0 0 7 1 2
0 0 7 2 1
0 0 7 3 1
0 0 7 4 1
0 0 7 5 1
0 0 7 6 1
0 0 7 7 1
0 0 7 8 1
0 0 7 9 1
0 0 7 10 1
0 0 7 11 1
0 0 7 12 1
0 0 7 13 1
0 0 7 14 1
0 0 7 15 1
0 0 7 16 1
0 0 7 17 1
0 0 7 18 1
0 0 7 19 1
0 0 7 20 1
0 0 7 21 1
0 0 7 22 1
0 0 7 23 1
0 0 8 1 1
0 0 8 3 1
0 0 8 4 1
0 0 8 5 1
0 0 8 6 1
0 0 8 7 1
0 0 8 8 1
0 0 8 9 1
0 0 8 10 1
0 0 8 11 1
0 0 8 12 1
0 0 8 13 1
0 0 8 15 1
0 0 8 16 1
0 0 8 17 1
0 0 8 18 1
0 0 8 19 1
0 0 8 20 1
0 0 8 21 1
0 0 8 22 1
0 0 8 23 1
0 0 9 1 1
0 0 9 3 1
0 0 9 5 1
0 0 9 6 1
0 0 9 7 1
0 0 9 8 1
0 0 9 9 1
0 0 9 10 1
0 0 9 11 1
0 0 9 12 1
0 0 9 13 1
0 0 9 14 1
0 0 9 15 1
0 0 9 16 1
0 0 9 17 1
0 0 9 18 1
0 0 9 19 1
0 0 9 20 1
0 0 9 21 1
0 0 9 22 1
0 0 9 23 1
0 0 10 1 1
0 0 10 2 1
0 0 10 5 1
0 0 10 6 1
0 0 10 7 1
0 0 10 8 1
0 0 10 9 1
0 0 10 10 1
0 0 10 11 1
0 0 10 13 1
0 0 10 14 1
0 0 10 15 1
0 0 10 16 1
0 0 10 17 1
0 0 10 18 1
0 0 10 19 1
0 0 10 20 1
0 0 10 21 1
0 0 10 22 1
0 0 10 23 1
0 0 11 0 1
0 0 11 1 1
0 0 11 2 1
0 0 11 3 1
0 0 11 6 1
0 0 11 7 1
0 0 11 8 1
0 0 11 9 1
0 0 11 10 1
0 0 11 11 1
0 0 11 12 1
0 0 11 13 1
0 0 11 14 1
0 0 11 16 1
0 0 11 17 1
0 0 11 18 1
0 0 11 19 1
0 0 11 20 1
0 0 11 22 1
0 0 11 23 1
0 0 11 24 1
0 0 11 25 1
0 0 12 0 1
0 0 12 2 1
0 0 12 3 1
0 0 12 5 1
0 0 12 6 1
0 0 12 7 1
0 0 12 8 1
0 0 12 9 1
0 0 12 10 1
0 0 12 11 1
0 0 12 12 1
0 0 12 13 1
0 0 12 14 1
0 0 12 15 1
0 0 12 16 1
0 0 12 17 1
0 0 12 19 1
0 0 12 22 1
0 0 12 23 1
0 0 12 24 1
0 0 12 25 1
0 0 13 1 1
0 0 13 2 1
0 0 13 3 1
0 0 13 4 1
0 0 13 5 1
0 0 13 6 1
0 0 13 7 1
0 0 13 8 1
0 0 13 9 1
0 0 13 10 1
0 0 13 11 1
0 0 13 12 1
0 0 13 13 1
0 0 13 14 1
0 0 13 15 1
0 0 13 16 1
0 0 13 19 1
0 0 13 24 1
0 0 14 1 1
0 0 14 2 1
0 0 14 3 1
0 0 14 4 1
0 0 14 5 1
0 0 14 6 1
0 0 14 7 1
0 0 14 8 1
0 0 14 9 1
0 0 14 10 1
0 0 14 11 1
0 0 14 12 1
0 0 14 13 1
0 0 14 15 1
0 0 14 16 1
0 0 14 18 1
0 0 14 19 1
0 0 14 22 1
0 0 14 24 1
0 0 15 2 1
0 0 15 3 1
0 0 15 4 1
0 0 15 5 1
0 0 15 6 1
0 0 15 7 1
0 0 15 8 1
0 0 15 9 1
0 0 15 10 1
0 0 15 11 1
0 0 15 12 1
0 0 15 15 1
0 0 15 16 1
0 0 15 17 1
0 0 15 18 1
0 0 15 19 1
0 0 15 20 1
0 0 15 21 1
0 0 15 22 1
0 0 15 24 1
0 0 15 26 1
0 0 16 2 1
0 0 16 3 1
0 0 16 4 1
0 0 16 5 1
0 0 16 6 1
0 0 16 8 1
0 0 16 9 1
0 0 16 10 1
0 0 16 11 1
0 0 16 12 1
0 0 16 13 1
0 0 16 14 1
0 0 16 16 1
0 0 16 17 1
0 0 16 18 1
0 0 16 19 1
0 0 16 20 1
0 0 16 21 1
0 0 16 22 1
0 0 16 23 1
0 0 16 24 1
0 0 16 25 1
0 0 16 26 2
0 0 17 3 1
0 0 17 4 1
0 0 17 5 1
0 0 17 6 1
0 0 17 7 1
0 0 17 8 1
0 0 17 9 1
0 0 17 10 1
0 0 17 11 1
0 0 17 12 1
0 0 17 13 1
0 0 17 14 1
0 0 17 15 1
0 0 17 16 1
0 0 17 17 1
0 0 17 20 1
0 0 17 21 1
0 0 17 22 1
0 0 17 23 1
0 0 17 24 1
0 0 17 25 1
0 0 17 26 1
0 0 18 3 1
0 0 18 4 1
0 0 18 5 1
0 0 18 6 1
0 0 18 7 1
0 0 18 8 1
0 0 18 9 1
0 0 18 10 1
0 0 18 11 1
0 0 18 12 1
0 0 18 13 1
0 0 18 14 1
0 0 18 17 1
0 0 18 18 1
0 0 18 20 1
0 0 18 21 1
0 0 18 22 1
0 0 18 23 1
0 0 18 25 1
0 0 18 28 1
0 0 19 2 1
0 0 19 3 1
0 0 19 4 1
0 0 19 5 2
0 0 19 6 1
0 0 19 7 1
0 0 19 8 1
0 0 19 9 1
0 0 19 10 1
0 0 19 11 1
0 0 19 12 1
0 0 19 13 1
0 0 19 14 1
0 0 19 15 1
0 0 19 16 1
0 0 19 17 1
0 0 19 18 1
0 0 19 19 1
0 0 19 20 1
0 0 19 21 1
0 0 19 22 1
0 0 19 25 1
0 0 19 26 1
0 0 19 27 1
0 0 19 28 1
0 0 20 2 1
0 0 20 3 1
0 0 20 4 1
0 0 20 5 1
0 0 20 6 1
0 0 20 7 1
0 0 20 8 1
0 0 20 9 1
0 0 20 10 1
0 0 20 11 1
0 0 20 12 1
0 0 20 13 1
0 0 20 14 1
0 0 20 15 1
0 0 20 16 1
0 0 20 17 1
0 0 20 18 2
0 0 20 22 1
0 0 20 27 1
0 0 21 1 2
0 0 21 2 1
0 0 21 3 1
0 0 21 4 2
0 0 21 5 1
0 0 21 6 1
0 0 21 7 1
0 0 21 8 1
0 0 21 9 1
0 0 21 10 1
0 0 21 11 1
0 0 21 12 1
0 0 21 13 1
0 0 21 14 1
0 0 21 15 1
0 0 21 16 1
0 0 21 17 1
0 0 21 18 1
0 0 21 27 1
0 0 22 1 1
0 0 22 2 1
0 0 22 3 1
0 0 22 4 1
0 0 22 5 1
0 0 22 6 1
0 0 22 7 1
0 0 22 8 1
0 0 22 9 1
0 0 22 10 1
0 0 22 11 1
0 0 22 12 1
0 0 22 13 1
0 0 22 14 1
0 0 22 15 1
0 0 22 16 1
0 0 22 17 1
0 0 22 18 1
0 0 22 19 1
0 0 22 27 1
0 0 23 0 1
0 0 23 1 1
0 0 23 2 1
0 0 23 3 1
0 0 23 4 1
0 0 23 5 1
0 0 23 6 1
0 0 23 7 1
0 0 23 8 1
0 0 23 9 1
0 0 23 10 1
0 0 23 11 1
0 0 23 12 1
0 0 23 13 1
0 0 23 15 1
0 0 23 16 1
0 0 23 17 1
0 0 23 18 1
0 0 24 2 1
0 0 24 3 1
0 0 24 4 1
0 0 24 5 1
0 0 24 6 2
0 0 24 7 1
0 0 24 8 1
0 0 24 9 1
0 0 24 10 1
0 0 24 12 1
0 0 24 13 1
0 0 24 14 1
0 0 24 15 1
0 0 24 16 1
0 0 24 17 1
0 0 24 18 1
0 0 24 19 1
0 0 25 2 1
0 0 25 3 1
0 0 25 4 1
0 0 25 5 1
0 0 25 6 1
0 0 25 8 1
0 0 25 9 1
0 0 25 10 1
0 0 25 11 1
0 0 25 14 1
0 0 25 15 1
0 0 25 16 1
0 0 25 17 1
0 0 26 2 1
0 0 26 3 1
0 0 26 5 1
0 0 26 6 1
0 0 26 7 1
0 0 26 8 1
0 0 26 9 1
0 0 26 10 2
0 0 26 11 1
0 0 26 14 1
0 0 26 15 1
0 0 26 16 1
0 0 26 17 2
0 0 26 18 1
0 0 27 5 1
0 0 27 6 1
0 0 27 8 1
0 0 27 9 2
0 0 27 10 1
0 0 27 11 1
0 0 27 12 1
0 0 27 13 1
0 0 27 14 1
0 0 27 15 1
0 0 28 3 1
0 0 28 4 1
0 0 28 5 1
0 0 28 6 1
0 0 28 10 1
0 0 28 13 2
0 0 28 14 1
0 0 28 15 1
0 0 29 6 1
0 0 29 7 1
0 0 29 10 1
