0 0 0 16 2
0 0 0 17 1
0 0 0 29 2
0 0 0 30 1
0 0 1 15 2
0 0 1 16 2
0 0 1 17 2
0 0 1 18 1
0 0 1 28 2
0 0 1 29 2
0 0 1 30 1
0 0 2 12 1
0 0 2 13 2
0 0 2 14 1
0 0 2 15 2
0 0 2 16 2
0 0 2 17 2
0 0 2 18 1
0 0 2 25 1
0 0 2 26 2
0 0 2 27 1
0 0 2 28 2
0 0 2 29 1
0 0 2 30 2
0 0 3 13 1
0 0 3 14 2
0 0 3 15 2
0 0 3 16 2
0 0 3 17 1
0 0 3 18 2
0 0 3 26 1
0 0 3 27 2
0 0 3 28 1
0 0 3 29 2
0 0 3 30 2
0 0 4 11 1
0 0 4 12 2
0 0 4 13 2
0 0 4 14 1
0 0 4 15 1
0 0 4 16 1
0 0 4 17 1
0 0 4 24 1
0 0 4 25 2
0 0 4 26 2
0 0 4 27 1
0 0 4 29 2
0 0 5 11 2
0 0 5 12 1
0 0 5 13 2
0 0 5 14 2
0 0 5 15 2
0 0 5 16 1
0 0 5 17 1
0 0 5 18 1
0 0 5 19 2
0 0 5 20 1
0 0 5 23 2
0 0 5 24 2
0 0 5 25 1
0 0 5 26 2
0 0 5 27 2
0 0 5 28 2
0 0 5 29 1
0 0 6 9 1
0 0 6 11 1
0 0 6 13 2
0 0 6 14 1
0 0 6 15 2
0 0 6 16 1
0 0 6 17 2
0 0 6 18 2
0 0 6 19 2
0 0 6 20 1
0 0 6 22 1
0 0 6 23 2
0 0 6 24 1
0 0 6 25 1
0 0 6 26 2
0 0 6 28 1
0 0 7 9 2
0 0 7 10 1
0 0 7 11 2
0 0 7 12 2
0 0 7 13 2
0 0 7 14 2
0 0 7 15 1
0 0 7 16 2
0 0 7 17 1
0 0 7 18 1
0 0 7 19 2
0 0 7 20 1
0 0 7 22 2
0 0 7 23 1
0 0 7 24 2
0 0 7 25 2
0 0 7 26 2
0 0 7 27 2
0 0 7 28 2
0 0 8 4 1
0 0 8 5 1
0 0 8 6 1
0 0 8 7 2
0 0 8 9 1
0 0 8 11 2
0 0 8 13 2
0 0 8 14 2
0 0 8 15 2
0 0 8 16 1
0 0 8 17 1
0 0 8 18 1
0 0 8 19 1
0 0 8 20 2
0 0 8 22 1
0 0 8 23 1
0 0 8 24 2
0 0 8 25 1
0 0 8 26 1
0 0 8 27 1
0 0 8 28 2
0 0 8 29 1
0 0 9 4 2
0 0 9 5 2
0 0 9 6 2
0 0 9 7 1
0 0 9 8 2
0 0 9 9 2
0 0 9 14 1
0 0 9 15 2
0 0 9 16 1
0 0 9 17 2
0 0 9 18 1
0 0 9 19 2
0 0 9 20 1
0 0 9 21 2
0 0 9 22 2
0 0 9 23 1
0 0 9 24 1
0 0 9 25 2
0 0 9 26 1
0 0 9 27 1
0 0 9 28 1
0 0 9 29 2
0 0 9 30 2
0 0 10 0 1
0 0 10 1 1
0 0 10 2 2
0 0 10 4 1
0 0 10 5 2
0 0 10 6 1
0 0 10 7 1
0 0 10 8 1
0 0 10 9 1
0 0 10 10 1
0 0 10 11 2
0 0 10 12 2
0 0 10 13 2
0 0 10 14 2
0 0 10 15 1
0 0 10 16 2
0 0 10 17 1
0 0 10 18 1
0 0 10 19 2
0 0 10 20 1
0 0 10 21 2
0 0 10 22 1
0 0 10 23 1
0 0 10 25 2
0 0 10 26 1
0 0 10 28 2
0 0 10 29 1
0 0 10 30 1
0 0 11 0 2
0 0 11 1 2
0 0 11 2 1
0 0 11 3 1
0 0 11 4 1
0 0 11 5 2
0 0 11 6 1
0 0 11 7 1
0 0 11 8 2
0 0 11 9 1
0 0 11 10 2
0 0 11 11 2
0 0 11 12 2
0 0 11 13 2
0 0 11 14 1
0 0 11 15 2
0 0 11 16 2
0 0 11 17 2
0 0 11 18 1
0 0 11 19 1
0 0 11 20 1
0 0 11 21 1
0 0 11 22 1
0 0 11 23 2
0 0 11 24 2
0 0 12 1 2
0 0 12 2 2
0 0 12 3 1
0 0 12 4 1
0 0 12 5 1
0 0 12 6 2
0 0 12 7 2
0 0 12 8 1
0 0 12 9 2
0 0 12 10 2
0 0 12 11 2
0 0 12 12 2
0 0 12 13 1
0 0 12 14 1
0 0 12 15 2
0 0 12 16 2
0 0 12 17 2
0 0 12 18 2
0 0 12 19 2
0 0 12 20 2
0 0 12 21 2
0 0 12 22 1
0 0 12 23 2
0 0 12 24 1
0 0 13 2 2
0 0 13 3 1
0 0 13 4 2
0 0 13 5 2
0 0 13 6 1
0 0 13 7 2
0 0 13 8 1
0 0 13 9 1
0 0 13 11 2
0 0 13 12 2
0 0 13 13 1
0 0 13 14 2
0 0 13 15 2
0 0 13 16 1
0 0 13 17 2
0 0 13 18 2
0 0 13 19 1
0 0 13 20 2
0 0 13 21 2
0 0 13 23 1
0 0 13 24 2
0 0 13 26 1
0 0 14 5 2
0 0 14 6 2
0 0 14 7 1
0 0 14 8 2
0 0 14 9 2
0 0 14 10 1
0 0 14 11 1
0 0 14 12 1
0 0 14 13 2
0 0 14 14 1
0 0 14 15 1
0 0 14 16 1
0 0 14 17 2
0 0 14 18 2
0 0 14 20 2
0 0 14 21 2
0 0 14 22 2
0 0 14 23 2
0 0 14 24 2
0 0 14 25 1
0 0 14 26 2
0 0 15 3 1
0 0 15 4 1
0 0 15 5 1
0 0 15 6 1
0 0 15 7 1
0 0 15 8 2
0 0 15 9 2
0 0 15 10 1
0 0 15 11 2
0 0 15 12 1
0 0 15 13 1
0 0 15 14 2
0 0 15 15 1
0 0 15 16 1
0 0 15 17 1
0 0 15 18 2
0 0 15 19 2
0 0 15 20 2
0 0 15 21 2
0 0 15 23 2
0 0 15 24 1
0 0 15 25 2
0 0 15 26 1
0 0 16 3 2
0 0 16 4 2
0 0 16 5 2
0 0 16 6 1
0 0 16 7 1
0 0 16 8 1
0 0 16 9 1
0 0 16 10 1
0 0 16 11 1
0 0 16 12 1
0 0 16 13 1
0 0 16 14 2
0 0 16 15 1
0 0 16 16 2
0 0 16 17 2
0 0 16 18 1
0 0 16 19 1
0 0 16 20 2
0 0 16 21 2
0 0 16 22 1
0 0 16 23 2
0 0 16 25 1
0 0 16 26 2
0 0 16 27 2
0 0 17 4 1
0 0 17 5 2
0 0 17 6 1
0 0 17 7 2
0 0 17 8 2
0 0 17 9 2
0 0 17 10 2
0 0 17 11 2
0 0 17 12 1
0 0 17 13 2
0 0 17 14 2
0 0 17 15 1
0 0 17 16 1
0 0 17 17 1
0 0 17 23 1
0 0 17 24 2
0 0 17 25 2
0 0 17 26 1
0 0 17 27 2
0 0 17 28 2
0 0 18 4 2
0 0 18 5 1
0 0 18 6 2
0 0 18 7 1
0 0 18 8 2
0 0 18 9 1
0 0 18 10 1
0 0 18 11 2
0 0 18 12 1
0 0 18 13 1
0 0 18 14 1
0 0 18 15 2
0 0 18 16 1
0 0 18 17 1
0 0 18 18 1
0 0 18 19 1
0 0 18 25 2
0 0 18 26 2
0 0 18 27 1
0 0 18 28 1
0 0 19 3 2
0 0 19 4 2
0 0 19 5 2
0 0 19 6 1
0 0 19 7 1
0 0 19 8 2
0 0 19 9 1
0 0 19 10 2
0 0 19 12 2
0 0 19 13 1
0 0 19 14 1
0 0 19 15 2
0 0 19 16 1
0 0 19 17 2
0 0 19 18 2
0 0 19 25 1
0 0 19 26 2
0 0 19 27 1
0 0 20 4 1
0 0 20 5 2
0 0 20 6 1
0 0 20 7 2
0 0 20 8 1
0 0 20 10 1
0 0 20 11 1
0 0 20 12 1
0 0 20 13 2
0 0 20 14 1
0 0 20 15 1
0 0 20 16 2
0 0 20 17 1
0 0 20 18 1
0 0 20 19 2
0 0 20 20 1
0 0 20 21 1
0 0 20 24 2
0 0 20 25 2
0 0 20 26 1
0 0 20 27 2
0 0 21 3 1
0 0 21 4 2
0 0 21 5 2
0 0 21 6 2
0 0 21 7 1
0 0 21 8 1
0 0 21 11 2
0 0 21 12 1
0 0 21 13 2
0 0 21 14 2
0 0 21 15 2
0 0 21 16 1
0 0 21 17 1
0 0 21 18 1
0 0 21 19 1
0 0 21 20 1
0 0 21 21 1
0 0 21 22 2
0 0 21 23 1
0 0 21 24 1
0 0 21 25 1
0 0 21 26 1
0 0 22 3 2
0 0 22 5 1
0 0 22 6 2
0 0 22 7 1
0 0 22 8 1
0 0 22 12 1
0 0 22 13 2
0 0 22 14 1
0 0 22 15 2
0 0 22 16 1
0 0 22 17 2
0 0 22 18 1
0 0 22 19 2
0 0 22 20 2
0 0 22 21 2
0 0 22 22 1
0 0 22 23 2
0 0 22 24 2
0 0 22 25 1
0 0 22 26 1
0 0 22 27 1
0 0 23 2 2
0 0 23 3 2
0 0 23 4 1
0 0 23 5 2
0 0 23 6 1
0 0 23 7 2
0 0 23 13 2
0 0 23 14 1
0 0 23 15 2
0 0 23 16 2
0 0 23 17 1
0 0 23 18 1
0 0 23 19 2
0 0 23 20 1
0 0 23 21 2
0 0 23 22 1
0 0 23 23 1
0 0 23 24 2
0 0 23 25 1
0 0 23 26 2
0 0 23 27 2
0 0 24 2 2
0 0 24 3 1
0 0 24 4 2
0 0 24 5 1
0 0 24 6 2
0 0 24 7 1
0 0 24 14 1
0 0 24 15 2
0 0 24 16 2
0 0 24 17 2
0 0 24 18 1
0 0 24 19 1
0 0 24 20 2
0 0 24 21 1
0 0 24 22 1
0 0 24 23 1
0 0 24 24 1
0 0 24 25 2
0 0 24 26 1
0 0 25 2 1
0 0 25 3 2
0 0 25 4 2
0 0 25 14 1
0 0 25 15 2
0 0 25 17 2
0 0 25 18 2
0 0 25 20 2
0 0 25 21 2
0 0 25 22 1
0 0 25 23 2
0 0 25 24 1
0 0 25 25 1
0 0 25 26 1
0 0 26 2 1
0 0 26 3 2
0 0 26 21 2
0 0 26 22 2
0 0 26 23 1
0 0 26 24 2
0 0 26 25 1
0 0 26 26 1
0 0 26 27 1
0 0 27 21 2
0 0 27 22 2
0 0 27 23 2
0 0 27 24 2
0 0 27 25 1
0 0 27 26 2
0 0 27 27 1
0 0 28 21 2
0 0 28 23 2
0 0 28 24 1
0 0 28 25 2
0 0 28 26 1
0 0 28 27 1
0 0 29 20 2
0 0 29 21 2
0 0 29 22 1
0 0 29 23 2
0 0 29 25 1
0 0 29 26 2
0 0 29 27 2
0 0 30 23 1
0 0 30 24 2
0 0 30 25 2
0 0 30 26 1
0 0 30 27 2
0 0 30 28 2
0 0 31 25 2
0 0 31 26 2
0 0 31 27 1
0 0 31 28 1
