0 0 2 15 2
0 0 3 13 2
0 0 3 15 1
0 0 3 27 2
0 0 3 28 3
0 0 4 9 2
0 0 4 10 2
0 0 4 11 1
0 0 4 12 3
0 0 4 13 1
0 0 4 14 1
0 0 4 15 3
0 0 4 16 1
0 0 4 26 2
0 0 4 28 1
0 0 5 10 1
0 0 5 11 2
0 0 5 12 3
0 0 5 13 3
0 0 5 14 3
0 0 5 15 3
0 0 5 16 1
0 0 5 22 2
0 0 5 23 3
0 0 5 24 1
0 0 5 25 1
0 0 5 26 3
0 0 5 27 3
0 0 5 28 2
0 0 6 8 2
0 0 6 9 3
0 0 6 10 3
0 0 6 11 1
0 0 6 12 2
0 0 6 13 1
0 0 6 14 2
0 0 6 15 1
0 0 6 23 1
0 0 6 24 2
0 0 6 26 3
0 0 6 27 1
0 0 6 28 3
0 0 6 29 2
0 0 6 30 1
0 0 7 4 2
0 0 7 5 3
0 0 7 8 2
0 0 7 9 1
0 0 7 10 3
0 0 7 11 1
0 0 7 12 1
0 0 7 13 2
0 0 7 14 1
0 0 7 15 1
0 0 7 21 2
0 0 7 22 3
0 0 7 23 1
0 0 7 26 2
0 0 7 27 1
0 0 7 28 2
0 0 7 30 2
0 0 8 4 3
0 0 8 5 1
0 0 8 6 1
0 0 8 7 1
0 0 8 8 3
0 0 8 9 2
0 0 8 10 1
0 0 8 11 3
0 0 8 12 3
0 0 8 13 3
0 0 8 14 1
0 0 8 15 3
0 0 8 16 2
0 0 8 17 2
0 0 8 21 2
0 0 8 22 1
0 0 8 27 1
0 0 8 30 2
0 0 9 3 2
0 0 9 4 3
0 0 9 5 3
0 0 9 6 1
0 0 9 7 2
0 0 9 8 3
0 0 9 9 1
0 0 9 10 1
0 0 9 11 1
0 0 9 12 2
0 0 9 13 1
0 0 9 14 1
0 0 9 15 1
0 0 9 16 1
0 0 9 17 3
0 0 9 18 3
0 0 9 19 1
0 0 9 20 1
0 0 9 21 3
0 0 9 22 1
0 0 9 23 2
0 0 9 24 2
0 0 9 25 3
0 0 9 26 3
0 0 9 27 3
0 0 9 28 2
0 0 10 1 1
0 0 10 4 1
0 0 10 5 2
0 0 10 6 2
0 0 10 7 3
0 0 10 8 2
0 0 10 9 2
0 0 10 10 3
0 0 10 11 2
0 0 10 12 3
0 0 10 13 1
0 0 10 14 3
0 0 10 15 2
0 0 10 16 3
0 0 10 17 1
0 0 10 18 2
0 0 10 19 2
0 0 10 21 1
0 0 10 22 3
0 0 10 23 2
0 0 10 25 1
0 0 10 26 1
0 0 10 27 1
0 0 11 1 1
0 0 11 4 2
0 0 11 5 2
0 0 11 6 1
0 0 11 9 1
0 0 11 10 1
0 0 11 11 3
0 0 11 12 2
0 0 11 14 3
0 0 11 15 3
0 0 11 16 3
0 0 11 19 2
0 0 11 20 3
0 0 11 21 2
0 0 11 22 3
0 0 11 23 3
0 0 11 24 3
0 0 11 25 2
0 0 11 26 3
0 0 11 27 2
0 0 12 0 1
0 0 12 1 3
0 0 12 2 1
0 0 12 3 2
0 0 12 4 3
0 0 12 5 2
0 0 12 6 1
0 0 12 7 2
0 0 12 8 2
0 0 12 9 3
0 0 12 10 3
0 0 12 11 2
0 0 12 13 2
0 0 12 14 1
0 0 12 15 1
0 0 12 16 1
0 0 12 17 3
0 0 12 18 3
0 0 12 19 2
0 0 12 20 1
0 0 12 21 2
0 0 12 22 1
0 0 12 23 3
0 0 12 24 1
0 0 12 25 3
0 0 12 26 1
0 0 13 0 1
0 0 13 1 2
0 0 13 2 2
0 0 13 3 3
0 0 13 4 1
0 0 13 5 1
0 0 13 6 1
0 0 13 7 3
0 0 13 8 1
0 0 13 9 2
0 0 13 10 3
0 0 13 11 2
0 0 13 12 1
0 0 13 13 2
0 0 13 14 1
0 0 13 15 3
0 0 13 16 3
0 0 13 17 1
0 0 13 18 1
0 0 13 19 3
0 0 13 20 2
0 0 13 21 3
0 0 13 22 1
0 0 13 23 2
0 0 13 24 1
0 0 13 25 2
0 0 13 26 1
0 0 13 27 2
0 0 13 28 2
0 0 14 0 3
0 0 14 1 2
0 0 14 2 2
0 0 14 3 3
0 0 14 4 3
0 0 14 5 2
0 0 14 6 2
0 0 14 7 3
0 0 14 8 1
0 0 14 9 3
0 0 14 10 1
0 0 14 11 1
0 0 14 12 3
0 0 14 13 3
0 0 14 14 1
0 0 14 15 2
0 0 14 16 3
0 0 14 17 2
0 0 14 18 2
0 0 14 19 1
0 0 14 20 1
0 0 14 21 2
0 0 14 22 3
0 0 14 23 1
0 0 14 24 1
0 0 14 25 3
0 0 14 26 3
0 0 14 27 2
0 0 15 3 1
0 0 15 4 2
0 0 15 5 1
0 0 15 6 3
0 0 15 7 1
0 0 15 8 3
0 0 15 9 2
0 0 15 10 3
0 0 15 11 3
0 0 15 12 2
0 0 15 13 1
0 0 15 14 3
0 0 15 15 1
0 0 15 16 1
0 0 15 17 3
0 0 15 18 3
0 0 15 19 1
0 0 15 20 2
0 0 15 21 1
0 0 15 22 1
0 0 15 23 2
0 0 15 24 3
0 0 15 25 1
0 0 15 26 3
0 0 15 27 3
0 0 16 3 1
0 0 16 4 2
0 0 16 6 3
0 0 16 7 1
0 0 16 8 2
0 0 16 9 3
0 0 16 10 3
0 0 16 11 1
0 0 16 12 1
0 0 16 13 1
0 0 16 14 3
0 0 16 15 3
0 0 16 16 2
0 0 16 17 3
0 0 16 18 1
0 0 16 19 1
0 0 16 20 3
0 0 16 21 3
0 0 16 22 2
0 0 16 23 1
0 0 16 24 3
0 0 16 26 1
0 0 16 27 1
0 0 17 3 3
0 0 17 4 1
0 0 17 5 1
0 0 17 6 3
0 0 17 7 2
0 0 17 8 1
0 0 17 9 1
0 0 17 10 2
0 0 17 11 1
0 0 17 12 3
0 0 17 13 3
0 0 17 14 1
0 0 17 15 1
0 0 17 16 3
0 0 17 17 1
0 0 17 18 2
0 0 17 19 3
0 0 17 20 3
0 0 17 21 1
0 0 17 22 3
0 0 17 23 1
0 0 17 24 3
0 0 17 26 2
0 0 17 27 1
0 0 18 3 2
0 0 18 4 3
0 0 18 5 3
0 0 18 6 1
0 0 18 7 1
0 0 18 8 3
0 0 18 9 3
0 0 18 10 1
0 0 18 11 1
0 0 18 12 2
0 0 18 13 2
0 0 18 14 3
0 0 18 15 1
0 0 18 16 3
0 0 18 17 1
0 0 18 18 3
0 0 18 19 3
0 0 18 20 2
0 0 18 21 1
0 0 18 22 2
0 0 18 23 3
0 0 18 24 2
0 0 18 25 2
0 0 18 26 3
0 0 18 27 3
0 0 18 28 2
0 0 18 29 2
0 0 18 30 3
0 0 19 3 2
0 0 19 4 1
0 0 19 5 2
0 0 19 6 1
0 0 19 7 2
0 0 19 8 1
0 0 19 9 2
0 0 19 10 2
0 0 19 11 3
0 0 19 12 1
0 0 19 13 1
0 0 19 14 3
0 0 19 15 3
0 0 19 16 1
0 0 19 17 2
0 0 19 18 1
0 0 19 19 1
0 0 19 20 3
0 0 19 21 1
0 0 19 22 1
0 0 19 23 1
0 0 19 24 3
0 0 19 25 1
0 0 19 26 2
0 0 19 27 3
0 0 19 28 2
0 0 19 29 2
0 0 19 30 1
0 0 20 4 1
0 0 20 6 3
0 0 20 7 1
0 0 20 8 1
0 0 20 10 2
0 0 20 11 2
0 0 20 12 3
0 0 20 13 3
0 0 20 14 1
0 0 20 15 1
0 0 20 16 1
0 0 20 17 2
0 0 20 18 1
0 0 20 20 3
0 0 20 21 3
0 0 20 22 2
0 0 20 23 2
0 0 20 24 1
0 0 20 25 1
0 0 20 26 3
0 0 20 27 2
0 0 20 28 1
0 0 20 29 3
0 0 20 30 1
0 0 21 3 2
0 0 21 4 3
0 0 21 5 2
0 0 21 6 2
0 0 21 8 3
0 0 21 9 2
0 0 21 10 1
0 0 21 11 3
0 0 21 12 3
0 0 21 13 1
0 0 21 14 3
0 0 21 15 3
0 0 21 16 3
0 0 21 17 3
0 0 21 18 2
0 0 21 19 2
0 0 21 20 1
0 0 21 21 1
0 0 21 22 1
0 0 21 23 3
0 0 21 24 1
0 0 21 25 2
0 0 21 26 1
0 0 21 29 1
0 0 22 3 1
0 0 22 4 1
0 0 22 8 3
0 0 22 12 2
0 0 22 13 1
0 0 22 14 3
0 0 22 15 2
0 0 22 16 3
0 0 22 17 1
0 0 22 18 3
0 0 22 19 2
0 0 22 20 3
0 0 22 21 2
0 0 22 22 2
0 0 22 23 3
0 0 22 24 2
0 0 22 25 2
0 0 22 26 1
0 0 22 29 1
0 0 23 2 2
0 0 23 3 3
0 0 23 4 3
0 0 23 7 2
0 0 23 8 1
0 0 23 14 2
0 0 23 16 1
0 0 23 17 1
0 0 23 18 2
0 0 23 19 1
0 0 23 20 1
0 0 23 21 1
0 0 23 22 3
0 0 23 23 2
0 0 23 24 1
0 0 23 25 3
0 0 23 26 3
0 0 23 27 2
0 0 24 0 2
0 0 24 3 1
0 0 24 4 1
0 0 24 8 1
0 0 24 14 2
0 0 24 15 3
0 0 24 16 1
0 0 24 17 3
0 0 24 18 1
0 0 24 20 1
0 0 24 21 2
0 0 24 22 3
0 0 24 23 1
0 0 24 24 1
0 0 24 25 1
0 0 24 26 3
0 0 25 0 2
0 0 25 2 2
0 0 25 3 1
0 0 25 4 2
0 0 25 7 1
0 0 25 8 3
0 0 25 9 2
0 0 25 15 1
0 0 25 16 1
0 0 25 17 2
0 0 25 18 2
0 0 25 20 3
0 0 25 21 1
0 0 25 22 2
0 0 25 25 3
0 0 25 26 2
0 0 26 0 1
0 0 26 1 2
0 0 26 2 3
0 0 26 3 1
0 0 26 4 3
0 0 26 6 2
0 0 26 7 1
0 0 26 15 1
0 0 26 16 2
0 0 26 17 1
0 0 26 18 2
0 0 26 19 1
0 0 26 20 3
0 0 26 21 3
0 0 26 22 2
0 0 27 2 2
0 0 27 3 3
0 0 27 4 3
0 0 27 5 1
0 0 27 6 1
0 0 27 7 3
0 0 27 8 2
0 0 27 14 1
0 0 27 15 3
0 0 27 16 3
0 0 27 17 3
0 0 27 18 3
0 0 27 19 2
0 0 27 20 1
0 0 28 2 1
0 0 28 3 3
0 0 28 4 2
0 0 28 6 3
0 0 28 14 1
0 0 28 15 3
0 0 28 16 1
0 0 28 17 1
0 0 28 18 3
0 0 28 19 1
0 0 28 20 2
0 0 28 21 2
0 0 29 2 3
0 0 29 3 2
0 0 29 4 1
0 0 29 5 1
0 0 29 6 3
0 0 29 15 1
0 0 29 17 2
0 0 30 3 1
0 0 30 15 2
0 0 31 3 2
