0 0 0 28 2
0 0 1 27 2
0 0 1 28 2
0 0 2 26 1
0 0 2 28 1
0 0 3 10 2
0 0 3 25 2
0 0 3 26 2
0 0 3 27 1
0 0 3 28 2
0 0 3 29 1
0 0 4 8 1
0 0 4 10 1
0 0 4 11 2
0 0 4 12 1
0 0 4 26 2
0 0 4 27 1
0 0 4 28 2
0 0 4 29 2
0 0 4 30 1
0 0 5 5 1
0 0 5 7 1
0 0 5 8 1
0 0 5 9 1
0 0 5 10 2
0 0 5 11 2
0 0 5 12 1
0 0 5 13 1
0 0 5 14 2
0 0 5 15 1
0 0 5 25 1
0 0 5 26 1
0 0 5 27 2
0 0 6 4 1
0 0 6 5 2
0 0 6 6 1
0 0 6 7 2
0 0 6 8 2
0 0 6 9 2
0 0 6 10 1
0 0 6 11 1
0 0 6 12 2
0 0 6 13 2
0 0 6 14 1
0 0 6 15 2
0 0 6 16 1
0 0 6 17 2
0 0 6 23 1
0 0 6 24 2
0 0 6 25 2
0 0 6 26 1
0 0 6 27 2
0 0 6 28 1
0 0 6 29 2
0 0 6 30 1
0 0 7 3 2
0 0 7 4 2
0 0 7 5 1
0 0 7 6 2
0 0 7 7 2
0 0 7 8 2
0 0 7 9 1
0 0 7 10 2
0 0 7 11 2
0 0 7 12 1
0 0 7 13 2
0 0 7 14 1
0 0 7 15 2
0 0 7 16 2
0 0 7 17 1
0 0 7 22 1
0 0 7 23 2
0 0 7 26 1
0 0 7 27 2
0 0 7 28 2
0 0 7 29 2
0 0 8 4 2
0 0 8 6 1
0 0 8 7 1
0 0 8 8 2
0 0 8 9 2
0 0 8 10 2
0 0 8 11 1
0 0 8 12 2
0 0 8 13 1
0 0 8 14 2
0 0 8 15 1
0 0 8 16 2
0 0 8 17 2
0 0 8 18 1
0 0 8 19 2
0 0 8 20 2
0 0 8 21 1
0 0 8 22 2
0 0 8 23 2
0 0 8 25 1
0 0 8 26 2
0 0 8 27 1
0 0 8 28 2
0 0 8 29 2
0 0 8 30 2
0 0 9 5 1
0 0 9 6 2
0 0 9 7 2
0 0 9 8 1
0 0 9 9 1
0 0 9 10 1
0 0 9 11 2
0 0 9 12 1
0 0 9 13 2
0 0 9 14 2
0 0 9 15 2
0 0 9 16 1
0 0 9 17 2
0 0 9 18 2
0 0 9 19 1
0 0 9 20 2
0 0 9 21 2
0 0 9 22 1
0 0 9 23 1
0 0 9 24 2
0 0 9 27 1
0 0 9 28 1
0 0 9 29 1
0 0 9 30 1
0 0 10 6 2
0 0 10 8 1
0 0 10 9 2
0 0 10 11 1
0 0 10 12 1
0 0 10 13 2
0 0 10 14 2
0 0 10 15 1
0 0 10 16 2
0 0 10 17 1
0 0 10 18 1
0 0 10 19 1
0 0 10 20 2
0 0 10 21 1
0 0 10 22 2
0 0 10 23 2
0 0 10 24 1
0 0 10 25 2
0 0 10 26 2
0 0 10 27 2
0 0 10 28 1
0 0 10 29 2
0 0 10 30 1
0 0 11 9 2
0 0 11 10 1
0 0 11 11 1
0 0 11 12 2
0 0 11 13 1
0 0 11 14 2
0 0 11 15 1
0 0 11 16 2
0 0 11 17 1
0 0 11 18 1
0 0 11 19 2
0 0 11 20 1
0 0 11 21 2
0 0 11 22 2
0 0 11 23 1
0 0 11 25 2
0 0 11 26 2
0 0 11 27 2
0 0 11 28 1
0 0 11 29 2
0 0 11 30 2
0 0 11 31 1
0 0 12 9 1
0 0 12 10 2
0 0 12 11 2
0 0 12 12 1
0 0 12 13 2
0 0 12 14 1
0 0 12 15 2
0 0 12 16 1
0 0 12 17 2
0 0 12 18 1
0 0 12 19 1
0 0 12 20 2
0 0 12 21 2
0 0 12 22 1
0 0 12 23 2
0 0 12 25 1
0 0 12 26 1
0 0 12 27 1
0 0 12 28 2
0 0 12 29 2
0 0 12 30 1
0 0 13 9 2
0 0 13 10 1
0 0 13 11 2
0 0 13 12 1
0 0 13 13 2
0 0 13 14 2
0 0 13 15 1
0 0 13 16 2
0 0 13 17 1
0 0 13 18 2
0 0 13 19 2
0 0 13 20 1
0 0 13 21 2
0 0 13 22 2
0 0 13 23 1
0 0 13 25 2
0 0 13 26 2
0 0 13 27 1
0 0 13 28 2
0 0 13 29 1
0 0 13 30 2
0 0 13 31 1
0 0 14 10 1
0 0 14 11 1
0 0 14 12 2
0 0 14 13 1
0 0 14 14 2
0 0 14 15 2
0 0 14 16 1
0 0 14 17 2
0 0 14 18 2
0 0 14 19 1
0 0 14 20 1
0 0 14 21 2
0 0 14 22 1
0 0 14 23 2
0 0 14 24 1
0 0 14 25 1
0 0 14 26 2
0 0 14 27 1
0 0 14 28 2
0 0 14 29 2
0 0 14 30 1
0 0 15 11 2
0 0 15 12 2
0 0 15 13 2
0 0 15 14 1
0 0 15 15 2
0 0 15 16 2
0 0 15 17 1
0 0 15 18 1
0 0 15 19 2
0 0 15 20 1
0 0 15 21 2
0 0 15 22 2
0 0 15 23 1
0 0 15 25 1
0 0 15 26 1
0 0 15 27 2
0 0 15 28 1
0 0 15 29 2
0 0 15 30 1
0 0 15 31 2
0 0 16 8 1
0 0 16 11 2
0 0 16 12 2
0 0 16 13 1
0 0 16 14 2
0 0 16 15 1
0 0 16 16 1
0 0 16 17 1
0 0 16 18 2
0 0 16 21 1
0 0 16 22 2
0 0 16 23 1
0 0 16 24 2
0 0 16 26 1
0 0 16 29 1
0 0 16 30 2
0 0 16 31 1
0 0 17 7 1
0 0 17 8 2
0 0 17 10 1
0 0 17 12 2
0 0 17 13 2
0 0 17 14 1
0 0 17 15 1
0 0 17 16 2
0 0 17 17 2
0 0 17 18 1
0 0 17 22 1
0 0 17 24 1
0 0 17 26 2
0 0 17 27 2
0 0 17 28 1
0 0 17 29 2
0 0 17 30 2
0 0 18 5 2
0 0 18 6 1
0 0 18 7 2
0 0 18 8 2
0 0 18 9 1
0 0 18 10 2
0 0 18 11 1
0 0 18 13 1
0 0 18 14 1
0 0 18 15 2
0 0 18 16 1
0 0 18 17 1
0 0 18 18 2
0 0 18 19 1
0 0 18 22 2
0 0 18 26 2
0 0 18 27 2
0 0 18 28 2
0 0 18 29 1
0 0 18 30 1
0 0 18 31 2
0 0 19 7 2
0 0 19 8 1
0 0 19 9 2
0 0 19 10 2
0 0 19 11 1
0 0 19 12 1
0 0 19 13 2
0 0 19 14 2
0 0 19 15 1
0 0 19 16 2
0 0 19 17 2
0 0 19 18 1
0 0 19 19 2
0 0 19 21 1
0 0 19 26 1
0 0 19 27 2
0 0 19 28 1
0 0 19 29 2
0 0 19 30 2
0 0 19 31 1
0 0 20 6 1
0 0 20 7 1
0 0 20 8 2
0 0 20 9 2
0 0 20 10 1
0 0 20 11 2
0 0 20 12 1
0 0 20 13 2
0 0 20 14 1
0 0 20 15 2
0 0 20 16 2
0 0 20 17 1
0 0 20 18 2
0 0 20 19 2
0 0 20 20 1
0 0 20 21 2
0 0 20 23 2
0 0 20 24 1
0 0 20 26 2
0 0 20 27 1
0 0 20 28 2
0 0 20 29 2
0 0 20 30 1
0 0 21 7 2
0 0 21 8 2
0 0 21 9 1
0 0 21 10 2
0 0 21 11 2
0 0 21 12 1
0 0 21 13 1
0 0 21 14 2
0 0 21 15 2
0 0 21 16 1
0 0 21 17 2
0 0 21 18 2
0 0 21 19 1
0 0 21 20 1
0 0 21 21 2
0 0 21 22 2
0 0 21 23 1
0 0 21 24 2
0 0 21 25 1
0 0 21 26 1
0 0 21 27 2
0 0 21 28 2
0 0 21 29 1
0 0 21 30 2
0 0 22 8 1
0 0 22 9 2
0 0 22 10 2
0 0 22 11 1
0 0 22 12 2
0 0 22 14 1
0 0 22 15 2
0 0 22 16 2
0 0 22 17 2
0 0 22 18 1
0 0 22 19 1
0 0 22 20 2
0 0 22 21 1
0 0 22 22 2
0 0 22 23 2
0 0 22 24 1
0 0 22 26 1
0 0 22 27 2
0 0 22 28 1
0 0 23 7 1
0 0 23 8 2
0 0 23 9 1
0 0 23 10 1
0 0 23 11 2
0 0 23 12 1
0 0 23 13 1
0 0 23 14 2
0 0 23 15 1
0 0 23 16 1
0 0 23 17 1
0 0 23 18 2
0 0 23 19 1
0 0 23 20 2
0 0 23 22 1
0 0 23 23 2
0 0 23 24 1
0 0 23 25 2
0 0 23 27 1
0 0 24 7 2
0 0 24 8 1
0 0 24 9 2
0 0 24 10 2
0 0 24 11 1
0 0 24 12 2
0 0 24 13 2
0 0 24 14 1
0 0 24 15 2
0 0 24 16 1
0 0 24 17 2
0 0 24 18 1
0 0 24 20 2
0 0 24 21 1
0 0 24 22 1
0 0 24 23 1
0 0 24 24 1
0 0 24 25 1
0 0 24 26 1
0 0 25 6 2
0 0 25 7 1
0 0 25 8 2
0 0 25 9 2
0 0 25 10 1
0 0 25 11 2
0 0 25 12 1
0 0 25 13 1
0 0 25 14 1
0 0 25 15 2
0 0 25 16 2
0 0 25 17 1
0 0 25 18 1
0 0 25 20 1
0 0 25 21 2
0 0 25 22 2
0 0 25 23 2
0 0 25 24 2
0 0 25 25 1
0 0 25 27 2
0 0 26 8 2
0 0 26 9 1
0 0 26 10 2
0 0 26 11 2
0 0 26 12 1
0 0 26 13 1
0 0 26 14 2
0 0 26 15 2
0 0 26 16 2
0 0 26 17 1
0 0 26 18 2
0 0 26 19 1
0 0 26 20 2
0 0 26 21 1
0 0 26 22 2
0 0 26 23 2
0 0 26 24 1
0 0 26 25 2
0 0 26 26 1
0 0 26 27 2
0 0 26 28 2
0 0 27 7 1
0 0 27 8 1
0 0 27 9 2
0 0 27 10 2
0 0 27 11 1
0 0 27 12 2
0 0 27 14 2
0 0 27 15 1
0 0 27 16 2
0 0 27 17 1
0 0 27 18 2
0 0 27 19 1
0 0 27 20 2
0 0 27 21 2
0 0 27 22 1
0 0 27 23 2
0 0 27 24 1
0 0 27 25 2
0 0 27 26 2
0 0 27 27 1
0 0 28 8 2
0 0 28 9 1
0 0 28 10 1
0 0 28 11 2
0 0 28 12 1
0 0 28 16 1
0 0 28 17 2
0 0 28 19 1
0 0 28 20 1
0 0 28 21 2
0 0 28 22 2
0 0 28 23 1
0 0 28 24 2
0 0 28 26 1
0 0 29 9 2
0 0 29 10 2
0 0 29 11 1
0 0 29 12 2
0 0 29 21 1
0 0 29 23 1
0 0 30 8 1
0 0 30 9 2
0 0 30 10 1
0 0 30 21 2
0 0 31 9 1
