0 0 0 29 2
0 0 0 30 2
0 0 0 31 2
0 0 1 28 1
0 0 1 29 1
0 0 1 30 1
0 0 1 31 1
0 0 2 11 1
0 0 2 12 2
0 0 2 13 1
0 0 2 14 1
0 0 2 15 1
0 0 2 28 2
0 0 2 29 2
0 0 2 30 2
0 0 2 31 2
0 0 3 11 1
0 0 3 12 2
0 0 3 13 1
0 0 3 14 1
0 0 3 15 1
0 0 3 22 1
0 0 3 23 1
0 0 3 24 1
0 0 3 27 2
0 0 3 28 1
0 0 3 29 1
0 0 3 30 1
0 0 3 31 1
0 0 4 10 1
0 0 4 11 2
0 0 4 12 1
0 0 4 13 2
0 0 4 14 1
0 0 4 15 1
0 0 4 16 1
0 0 4 17 1
0 0 4 22 2
0 0 4 23 2
0 0 4 24 1
0 0 4 25 2
0 0 4 26 2
0 0 4 27 1
0 0 4 28 1
0 0 4 29 1
0 0 5 10 1
0 0 5 11 2
0 0 5 12 1
0 0 5 14 2
0 0 5 15 2
0 0 5 16 2
0 0 5 17 2
0 0 5 18 2
0 0 5 21 2
0 0 5 22 1
0 0 5 23 1
0 0 5 24 2
0 0 5 25 1
0 0 5 26 2
0 0 5 27 1
0 0 5 28 1
0 0 5 29 1
0 0 6 12 2
0 0 6 13 1
0 0 6 14 2
0 0 6 15 1
0 0 6 16 1
0 0 6 17 1
0 0 6 18 1
0 0 6 19 2
0 0 6 20 2
0 0 6 21 1
0 0 6 22 2
0 0 6 23 1
0 0 6 24 1
0 0 6 25 1
0 0 6 26 2
0 0 6 27 2
0 0 6 28 2
0 0 7 13 2
0 0 7 14 1
0 0 7 15 2
0 0 7 16 1
0 0 7 17 2
0 0 7 18 2
0 0 7 19 1
0 0 7 20 2
0 0 7 21 1
0 0 7 22 1
0 0 7 23 1
0 0 7 24 1
0 0 7 25 2
0 0 7 26 2
0 0 7 27 2
0 0 8 13 2
0 0 8 14 1
0 0 8 15 2
0 0 8 16 2
0 0 8 17 1
0 0 8 18 1
0 0 8 19 1
0 0 8 20 2
0 0 8 21 2
0 0 8 22 1
0 0 8 23 1
0 0 8 24 1
0 0 8 25 2
0 0 9 13 1
0 0 9 14 2
0 0 9 15 2
0 0 9 16 1
0 0 9 17 1
0 0 9 18 1
0 0 9 19 2
0 0 9 20 1
0 0 9 21 2
0 0 9 22 2
0 0 9 23 2
0 0 9 24 2
0 0 9 29 1
0 0 9 30 1
0 0 9 31 1
0 0 10 6 1
0 0 10 7 2
0 0 10 8 1
0 0 10 9 1
0 0 10 10 1
0 0 10 12 1
0 0 10 13 2
0 0 10 14 1
0 0 10 15 2
0 0 10 16 1
0 0 10 17 2
0 0 10 18 2
0 0 10 19 2
0 0 10 20 2
0 0 10 21 2
0 0 10 22 2
0 0 10 29 2
0 0 10 30 2
0 0 10 31 2
0 0 11 6 1
0 0 11 7 2
0 0 11 8 1
0 0 11 9 1
0 0 11 10 1
0 0 11 12 1
0 0 11 13 2
0 0 11 14 1
0 0 11 15 2
0 0 11 16 2
0 0 11 17 2
0 0 11 18 1
0 0 11 19 1
0 0 11 20 2
0 0 11 21 2
0 0 11 22 2
0 0 11 28 2
0 0 11 29 1
0 0 11 30 1
0 0 11 31 1
0 0 12 8 2
0 0 12 9 1
0 0 12 10 1
0 0 12 11 1
0 0 12 12 1
0 0 12 14 2
0 0 12 15 1
0 0 12 16 1
0 0 12 17 1
0 0 12 18 2
0 0 12 19 2
0 0 12 20 2
0 0 12 21 2
0 0 12 24 1
0 0 12 25 1
0 0 12 26 2
0 0 12 27 2
0 0 12 28 1
0 0 12 29 1
0 0 13 9 2
0 0 13 10 2
0 0 13 11 2
0 0 13 12 2
0 0 13 13 2
0 0 13 15 1
0 0 13 16 2
0 0 13 17 1
0 0 13 18 2
0 0 13 19 1
0 0 13 20 1
0 0 13 24 2
0 0 13 25 2
0 0 13 26 1
0 0 13 27 2
0 0 13 28 1
0 0 13 29 1
0 0 14 9 2
0 0 14 10 1
0 0 14 11 1
0 0 14 12 2
0 0 14 13 2
0 0 14 14 2
0 0 14 15 1
0 0 14 16 2
0 0 14 17 1
0 0 14 18 2
0 0 14 19 2
0 0 14 20 2
0 0 14 21 2
0 0 14 22 2
0 0 14 23 2
0 0 14 24 1
0 0 14 25 1
0 0 14 26 1
0 0 14 27 2
0 0 14 28 2
0 0 15 9 1
0 0 15 10 2
0 0 15 11 1
0 0 15 12 1
0 0 15 13 1
0 0 15 15 1
0 0 15 16 2
0 0 15 17 2
0 0 15 18 1
0 0 15 19 1
0 0 15 20 2
0 0 15 21 2
0 0 15 22 2
0 0 15 23 1
0 0 15 24 1
0 0 15 26 2
0 0 15 27 2
0 0 16 9 1
0 0 16 10 2
0 0 16 11 1
0 0 16 12 1
0 0 16 13 1
0 0 16 14 1
0 0 16 15 1
0 0 16 16 2
0 0 16 17 1
0 0 16 18 2
0 0 16 19 2
0 0 16 20 2
0 0 16 21 1
0 0 16 22 2
0 0 16 23 1
0 0 16 24 1
0 0 17 0 1
0 0 17 1 2
0 0 17 2 1
0 0 17 3 1
0 0 17 4 1
0 0 17 11 2
0 0 17 12 1
0 0 17 13 1
0 0 17 14 1
0 0 17 15 1
0 0 17 16 1
0 0 17 17 2
0 0 17 18 2
0 0 17 19 1
0 0 17 20 1
0 0 17 21 2
0 0 17 22 2
0 0 17 23 2
0 0 17 24 2
0 0 17 25 2
0 0 18 0 1
0 0 18 1 2
0 0 18 2 1
0 0 18 3 1
0 0 18 4 1
0 0 18 12 2
0 0 18 13 2
0 0 18 14 2
0 0 18 15 2
0 0 18 16 2
0 0 18 17 1
0 0 18 18 1
0 0 18 19 2
0 0 18 20 1
0 0 18 21 2
0 0 18 22 1
0 0 18 23 1
0 0 18 24 2
0 0 18 25 1
0 0 18 26 1
0 0 18 27 1
0 0 19 2 2
0 0 19 3 1
0 0 19 4 1
0 0 19 5 1
0 0 19 6 1
0 0 19 12 2
0 0 19 13 1
0 0 19 14 2
0 0 19 15 2
0 0 19 16 2
0 0 19 17 1
0 0 19 18 1
0 0 19 19 2
0 0 19 20 1
0 0 19 21 2
0 0 19 22 2
0 0 19 23 1
0 0 19 24 2
0 0 19 25 1
0 0 19 26 1
0 0 19 27 1
0 0 19 28 1
0 0 20 3 2
0 0 20 4 2
0 0 20 5 2
0 0 20 6 2
0 0 20 7 2
0 0 20 9 1
0 0 20 10 2
0 0 20 11 1
0 0 20 12 2
0 0 20 13 2
0 0 20 14 1
0 0 20 15 1
0 0 20 16 1
0 0 20 17 2
0 0 20 18 2
0 0 20 19 2
0 0 20 20 2
0 0 20 21 1
0 0 20 22 1
0 0 20 23 2
0 0 20 24 1
0 0 20 25 2
0 0 20 26 2
0 0 20 27 2
0 0 20 28 2
0 0 21 3 2
0 0 21 4 1
0 0 21 5 1
0 0 21 6 2
0 0 21 7 2
0 0 21 8 2
0 0 21 9 1
0 0 21 10 2
0 0 21 11 1
0 0 21 12 1
0 0 21 13 2
0 0 21 14 1
0 0 21 15 2
0 0 21 16 2
0 0 21 17 2
0 0 21 18 2
0 0 21 19 2
0 0 21 21 2
0 0 21 22 2
0 0 21 23 2
0 0 21 24 1
0 0 21 25 2
0 0 21 26 1
0 0 21 27 1
0 0 21 28 1
0 0 22 3 1
0 0 22 4 2
0 0 22 5 1
0 0 22 6 1
0 0 22 7 1
0 0 22 9 2
0 0 22 10 2
0 0 22 11 2
0 0 22 12 1
0 0 22 13 1
0 0 22 14 2
0 0 22 15 1
0 0 22 16 1
0 0 22 17 1
0 0 22 18 1
0 0 22 21 2
0 0 22 22 1
0 0 22 23 1
0 0 22 24 2
0 0 22 25 2
0 0 22 26 2
0 0 22 27 2
0 0 22 28 2
0 0 23 3 1
0 0 23 4 2
0 0 23 5 1
0 0 23 6 1
0 0 23 7 1
0 0 23 8 2
0 0 23 9 1
0 0 23 10 1
0 0 23 11 1
0 0 23 12 2
0 0 23 13 2
0 0 23 14 2
0 0 23 15 2
0 0 23 16 2
0 0 23 21 2
0 0 23 22 2
0 0 23 23 2
0 0 23 24 2
0 0 23 25 1
0 0 23 26 2
0 0 23 27 2
0 0 23 28 1
0 0 23 29 1
0 0 23 30 1
0 0 24 5 2
0 0 24 6 1
0 0 24 7 1
0 0 24 8 2
0 0 24 9 1
0 0 24 10 2
0 0 24 11 2
0 0 24 12 2
0 0 24 13 1
0 0 24 14 1
0 0 24 15 2
0 0 24 16 2
0 0 24 20 2
0 0 24 21 1
0 0 24 22 1
0 0 24 23 1
0 0 24 24 2
0 0 24 25 1
0 0 24 26 2
0 0 24 27 2
0 0 24 28 1
0 0 24 29 1
0 0 24 30 1
0 0 25 6 2
0 0 25 7 2
0 0 25 8 2
0 0 25 9 1
0 0 25 10 1
0 0 25 11 1
0 0 25 12 1
0 0 25 13 2
0 0 25 14 1
0 0 25 15 1
0 0 25 18 2
0 0 25 19 2
0 0 25 20 2
0 0 25 21 2
0 0 25 22 2
0 0 25 23 1
0 0 25 24 2
0 0 25 25 2
0 0 25 26 2
0 0 25 27 2
0 0 25 28 2
0 0 26 6 2
0 0 26 7 1
0 0 26 8 1
0 0 26 9 2
0 0 26 10 2
0 0 26 11 2
0 0 26 12 1
0 0 26 13 2
0 0 26 14 1
0 0 26 15 1
0 0 26 17 2
0 0 26 18 1
0 0 26 19 2
0 0 26 20 1
0 0 26 21 1
0 0 26 22 1
0 0 26 23 2
0 0 26 24 2
0 0 26 25 2
0 0 26 26 2
0 0 27 7 2
0 0 27 8 2
0 0 27 9 2
0 0 27 10 2
0 0 27 14 2
0 0 27 15 1
0 0 27 16 1
0 0 27 17 2
0 0 27 18 1
0 0 27 19 2
0 0 27 20 1
0 0 27 21 2
0 0 27 22 2
0 0 27 23 2
0 0 27 24 2
0 0 27 25 2
0 0 28 7 1
0 0 28 8 1
0 0 28 9 1
0 0 28 10 1
0 0 28 15 2
0 0 28 16 2
0 0 28 17 2
0 0 28 18 1
0 0 28 19 2
0 0 28 20 2
0 0 28 21 1
0 0 28 22 1
0 0 28 23 1
0 0 28 24 1
0 0 28 25 1
0 0 29 15 2
0 0 29 16 1
0 0 29 17 1
0 0 29 18 2
0 0 29 19 2
0 0 29 20 2
0 0 29 21 2
0 0 30 16 2
0 0 30 17 2
0 0 30 18 2
0 0 30 19 2
0 0 30 20 2
0 0 31 16 1
0 0 31 17 1
0 0 31 18 1
0 0 31 19 1
0 0 31 20 1
