0 0 0 21 3
0 0 0 23 2
0 0 0 27 3
0 0 0 28 3
0 0 0 29 1
0 0 1 18 4
0 0 1 19 1
0 0 1 20 4
0 0 1 21 1
0 0 1 22 1
0 0 1 23 4
0 0 1 24 1
0 0 1 27 2
0 0 2 0 1
0 0 2 8 1
0 0 2 20 2
0 0 2 21 1
0 0 2 22 3
0 0 2 27 1
0 0 3 0 3
0 0 3 4 3
0 0 3 6 2
0 0 3 7 2
0 0 3 8 4
0 0 3 20 2
0 0 3 21 4
0 0 3 26 2
0 0 3 27 4
0 0 4 0 3
0 0 4 1 2
0 0 4 2 1
0 0 4 3 4
0 0 4 4 1
0 0 4 5 1
0 0 4 6 4
0 0 4 7 1
0 0 4 8 1
0 0 4 9 3
0 0 4 21 1
0 0 4 22 3
0 0 4 27 1
0 0 4 28 3
0 0 5 3 2
0 0 5 5 3
0 0 5 7 3
0 0 5 8 1
0 0 5 20 3
0 0 5 21 1
0 0 5 26 3
0 0 5 27 1
0 0 6 8 4
0 0 6 9 2
0 0 6 15 4
0 0 6 20 3
0 0 6 21 3
0 0 6 22 1
0 0 6 27 4
0 0 6 28 2
0 0 7 3 1
0 0 7 7 1
0 0 7 8 1
0 0 7 15 1
0 0 7 16 3
0 0 7 18 2
0 0 7 20 2
0 0 7 21 1
0 0 7 22 3
0 0 7 23 3
0 0 7 24 1
0 0 7 26 3
0 0 7 27 1
0 0 7 28 2
0 0 8 2 2
0 0 8 3 4
0 0 8 7 3
0 0 8 11 3
0 0 8 13 2
0 0 8 14 2
0 0 8 15 4
0 0 8 16 1
0 0 8 17 4
0 0 8 18 4
0 0 8 19 1
0 0 8 20 1
0 0 8 21 2
0 0 8 22 2
0 0 8 24 1
0 0 8 25 4
0 0 8 26 1
0 0 8 27 1
0 0 8 28 4
0 0 8 29 1
0 0 9 3 1
0 0 9 4 3
0 0 9 6 3
0 0 9 7 3
0 0 9 8 2
0 0 9 9 1
0 0 9 10 3
0 0 9 11 1
0 0 9 12 2
0 0 9 13 4
0 0 9 14 2
0 0 9 15 1
0 0 9 16 3
0 0 9 17 2
0 0 9 18 3
0 0 9 19 2
0 0 9 20 4
0 0 9 21 3
0 0 9 22 1
0 0 9 25 2
0 0 9 27 3
0 0 10 2 3
0 0 10 3 1
0 0 10 4 1
0 0 10 5 4
0 0 10 6 1
0 0 10 7 1
0 0 10 8 1
0 0 10 9 4
0 0 10 10 3
0 0 10 11 1
0 0 10 12 2
0 0 10 13 1
0 0 10 14 1
0 0 10 15 2
0 0 10 16 1
0 0 10 17 2
0 0 10 18 1
0 0 10 19 1
0 0 10 20 1
0 0 10 21 3
0 0 10 22 4
0 0 11 3 4
0 0 11 4 2
0 0 11 5 2
0 0 11 6 3
0 0 11 7 3
0 0 11 8 1
0 0 11 9 4
0 0 11 10 1
0 0 11 11 1
0 0 11 12 4
0 0 11 13 1
0 0 11 14 4
0 0 11 15 3
0 0 11 16 1
0 0 11 17 1
0 0 11 18 1
0 0 11 19 3
0 0 11 20 1
0 0 11 22 1
0 0 11 23 3
0 0 11 25 3
0 0 11 26 3
0 0 11 27 1
0 0 12 3 1
0 0 12 8 1
0 0 12 9 2
0 0 12 10 1
0 0 12 11 3
0 0 12 12 4
0 0 12 13 3
0 0 12 14 1
0 0 12 15 3
0 0 12 16 1
0 0 12 17 4
0 0 12 18 3
0 0 12 20 4
0 0 12 21 2
0 0 12 22 1
0 0 12 25 3
0 0 12 26 3
0 0 12 27 1
0 0 12 28 3
0 0 12 29 3
0 0 12 30 1
0 0 13 3 4
0 0 13 7 2
0 0 13 8 1
0 0 13 9 2
0 0 13 10 4
0 0 13 11 3
0 0 13 12 2
0 0 13 13 3
0 0 13 14 1
0 0 13 15 2
0 0 13 16 3
0 0 13 17 1
0 0 13 18 3
0 0 13 19 3
0 0 13 20 1
0 0 13 21 2
0 0 13 22 4
0 0 13 23 2
0 0 13 25 2
0 0 13 28 3
0 0 13 29 3
0 0 13 30 1
0 0 14 7 2
0 0 14 8 4
0 0 14 9 3
0 0 14 10 1
0 0 14 11 3
0 0 14 12 2
0 0 14 13 2
0 0 14 14 4
0 0 14 15 2
0 0 14 16 3
0 0 14 17 1
0 0 14 18 2
0 0 14 19 1
0 0 14 20 1
0 0 14 21 4
0 0 14 22 1
0 0 14 23 4
0 0 14 24 2
0 0 14 25 1
0 0 14 28 2
0 0 15 7 1
0 0 15 8 1
0 0 15 9 3
0 0 15 10 1
0 0 15 11 3
0 0 15 12 1
0 0 15 13 2
0 0 15 14 1
0 0 15 15 1
0 0 15 16 3
0 0 15 17 4
0 0 15 18 2
0 0 15 19 1
0 0 15 20 3
0 0 15 21 1
0 0 15 22 1
0 0 15 23 4
0 0 15 24 2
0 0 15 25 4
0 0 15 26 2
0 0 15 27 2
0 0 15 28 1
0 0 16 5 3
0 0 16 7 3
0 0 16 8 1
0 0 16 9 1
0 0 16 10 4
0 0 16 11 1
0 0 16 12 1
0 0 16 13 4
0 0 16 14 1
0 0 16 15 4
0 0 16 16 3
0 0 16 17 1
0 0 16 18 1
0 0 16 19 3
0 0 16 20 2
0 0 16 21 4
0 0 16 22 3
0 0 16 23 1
0 0 16 24 3
0 0 16 25 1
0 0 16 26 3
0 0 16 27 2
0 0 16 28 4
0 0 16 29 2
0 0 17 2 4
0 0 17 3 1
0 0 17 4 4
0 0 17 5 3
0 0 17 6 1
0 0 17 7 3
0 0 17 8 4
0 0 17 9 2
0 0 17 10 2
0 0 17 11 1
0 0 17 12 3
0 0 17 13 4
0 0 17 14 1
0 0 17 15 1
0 0 17 16 3
0 0 17 17 1
0 0 17 18 2
0 0 17 19 3
0 0 17 20 3
0 0 17 21 1
0 0 17 22 3
0 0 17 23 1
0 0 17 24 3
0 0 17 25 1
0 0 17 26 2
0 0 17 27 3
0 0 17 28 1
0 0 17 29 3
0 0 18 2 4
0 0 18 3 1
0 0 18 4 4
0 0 18 5 1
0 0 18 6 1
0 0 18 7 4
0 0 18 8 1
0 0 18 9 3
0 0 18 10 2
0 0 18 11 4
0 0 18 12 3
0 0 18 13 2
0 0 18 14 3
0 0 18 15 1
0 0 18 16 1
0 0 18 17 1
0 0 18 18 1
0 0 18 19 3
0 0 18 20 3
0 0 18 21 3
0 0 18 22 1
0 0 18 23 4
0 0 18 24 3
0 0 18 25 4
0 0 18 26 2
0 0 18 27 3
0 0 18 28 1
0 0 18 29 2
0 0 18 30 4
0 0 19 4 2
0 0 19 5 1
0 0 19 6 3
0 0 19 7 4
0 0 19 8 4
0 0 19 9 3
0 0 19 10 3
0 0 19 11 1
0 0 19 12 3
0 0 19 13 2
0 0 19 14 2
0 0 19 15 4
0 0 19 16 2
0 0 19 17 3
0 0 19 18 3
0 0 19 19 1
0 0 19 20 3
0 0 19 21 3
0 0 19 22 1
0 0 19 23 4
0 0 19 24 3
0 0 19 25 1
0 0 19 26 2
0 0 19 27 1
0 0 19 28 4
0 0 19 29 2
0 0 19 30 1
0 0 20 4 2
0 0 20 5 4
0 0 20 6 3
0 0 20 7 2
0 0 20 8 1
0 0 20 9 3
0 0 20 10 3
0 0 20 11 4
0 0 20 12 3
0 0 20 13 3
0 0 20 14 1
0 0 20 15 1
0 0 20 16 3
0 0 20 17 4
0 0 20 18 3
0 0 20 19 1
0 0 20 20 2
0 0 20 21 1
0 0 20 22 1
0 0 20 23 4
0 0 20 24 1
0 0 20 25 1
0 0 20 26 4
0 0 20 27 1
0 0 20 28 4
0 0 20 29 2
0 0 20 30 1
0 0 20 31 4
0 0 21 4 3
0 0 21 5 1
0 0 21 6 3
0 0 21 7 2
0 0 21 8 4
0 0 21 9 3
0 0 21 10 2
0 0 21 11 4
0 0 21 12 1
0 0 21 13 4
0 0 21 14 3
0 0 21 15 1
0 0 21 16 1
0 0 21 17 4
0 0 21 18 1
0 0 21 19 1
0 0 21 20 4
0 0 21 21 1
0 0 21 22 2
0 0 21 23 3
0 0 21 24 1
0 0 21 25 3
0 0 21 26 4
0 0 21 27 1
0 0 21 28 1
0 0 21 29 4
0 0 21 30 1
0 0 21 31 4
0 0 22 4 3
0 0 22 5 1
0 0 22 6 2
0 0 22 7 3
0 0 22 8 1
0 0 22 9 3
0 0 22 10 1
0 0 22 11 1
0 0 22 13 2
0 0 22 14 1
0 0 22 15 4
0 0 22 16 2
0 0 22 17 2
0 0 22 18 4
0 0 22 19 3
0 0 22 20 4
0 0 22 21 1
0 0 22 22 1
0 0 22 23 3
0 0 22 24 1
0 0 22 25 2
0 0 22 26 3
0 0 22 27 3
0 0 22 28 3
0 0 22 29 3
0 0 22 30 1
0 0 23 4 1
0 0 23 5 4
0 0 23 6 2
0 0 23 7 3
0 0 23 8 1
0 0 23 9 2
0 0 23 10 4
0 0 23 11 2
0 0 23 13 1
0 0 23 15 1
0 0 23 16 1
0 0 23 17 3
0 0 23 18 4
0 0 23 19 3
0 0 23 20 1
0 0 23 21 3
0 0 23 22 1
0 0 23 23 1
0 0 23 24 1
0 0 23 25 1
0 0 23 26 3
0 0 23 30 4
0 0 23 31 2
0 0 24 5 1
0 0 24 6 1
0 0 24 7 3
0 0 24 8 4
0 0 24 9 2
0 0 24 10 3
0 0 24 11 3
0 0 24 13 2
0 0 24 15 2
0 0 24 16 4
0 0 24 17 3
0 0 24 18 1
0 0 24 19 3
0 0 24 20 1
0 0 24 21 2
0 0 24 22 4
0 0 24 23 2
0 0 24 24 3
0 0 24 25 1
0 0 24 26 1
0 0 24 28 2
0 0 24 30 1
0 0 25 3 1
0 0 25 4 3
0 0 25 5 2
0 0 25 6 4
0 0 25 8 1
0 0 25 9 3
0 0 25 10 1
0 0 25 11 1
0 0 25 12 3
0 0 25 13 3
0 0 25 15 3
0 0 25 16 1
0 0 25 17 3
0 0 25 18 2
0 0 25 19 3
0 0 25 20 4
0 0 25 21 2
0 0 25 22 1
0 0 25 23 1
0 0 25 24 2
0 0 25 25 4
0 0 25 26 2
0 0 25 27 1
0 0 25 28 4
0 0 25 29 1
0 0 25 30 2
0 0 25 31 3
0 0 26 3 1
0 0 26 4 3
0 0 26 5 3
0 0 26 6 1
0 0 26 7 3
0 0 26 8 2
0 0 26 10 4
0 0 26 11 2
0 0 26 15 3
0 0 26 16 1
0 0 26 17 1
0 0 26 18 4
0 0 26 19 3
0 0 26 20 1
0 0 26 21 2
0 0 26 22 1
0 0 26 23 4
0 0 26 24 2
0 0 26 25 1
0 0 26 27 3
0 0 26 31 3
0 0 27 5 3
0 0 27 6 1
0 0 27 7 3
0 0 27 8 3
0 0 27 9 3
0 0 27 10 1
0 0 27 11 2
0 0 27 16 4
0 0 27 17 1
0 0 27 18 4
0 0 27 19 1
0 0 27 20 1
0 0 27 21 4
0 0 27 22 1
0 0 27 23 1
0 0 27 24 2
0 0 27 25 1
0 0 27 31 1
0 0 28 6 4
0 0 28 7 2
0 0 28 8 4
0 0 28 9 1
0 0 28 10 1
0 0 28 11 4
0 0 28 12 1
0 0 28 13 4
0 0 28 16 1
0 0 28 18 2
0 0 28 19 4
0 0 28 20 3
0 0 28 21 4
0 0 28 22 1
0 0 28 23 1
0 0 28 24 4
0 0 28 25 1
0 0 29 6 1
0 0 29 8 2
0 0 29 10 3
0 0 29 16 2
0 0 29 19 1
0 0 29 21 2
0 0 29 23 3
0 0 30 6 2
0 0 30 19 2
0 0 31 4 1
0 0 31 5 3
0 0 31 6 3
