0 0 0 17 1
0 0 1 11 1
0 0 1 15 1
0 0 1 16 2
0 0 1 17 2
0 0 1 18 1
0 0 2 9 1
0 0 2 10 2
0 0 2 11 2
0 0 2 12 1
0 0 2 15 1
0 0 2 16 2
0 0 2 17 2
0 0 2 18 1
0 0 2 19 1
0 0 3 8 1
0 0 3 9 1
0 0 3 10 2
0 0 3 11 2
0 0 3 12 1
0 0 3 13 1
0 0 3 16 1
0 0 3 17 1
0 0 3 18 2
0 0 3 19 2
0 0 3 22 2
0 0 4 6 1
0 0 4 7 2
0 0 4 8 2
0 0 4 9 1
0 0 4 10 1
0 0 4 11 1
0 0 4 12 2
0 0 4 13 2
0 0 4 16 2
0 0 4 18 2
0 0 4 19 2
0 0 4 20 2
0 0 4 21 1
0 0 4 22 2
0 0 5 6 1
0 0 5 7 2
0 0 5 8 2
0 0 5 9 1
0 0 5 10 1
0 0 5 12 2
0 0 5 13 2
0 0 5 14 2
0 0 5 15 1
0 0 5 16 2
0 0 5 19 2
0 0 5 20 2
0 0 5 21 2
0 0 5 22 1
0 0 5 23 1
0 0 5 26 1
0 0 5 27 1
0 0 6 6 1
0 0 6 7 1
0 0 6 8 1
0 0 6 9 2
0 0 6 10 2
0 0 6 13 2
0 0 6 14 2
0 0 6 15 2
0 0 6 16 1
0 0 6 17 1
0 0 6 18 1
0 0 6 19 2
0 0 6 20 1
0 0 6 21 1
0 0 6 22 1
0 0 6 23 2
0 0 6 24 2
0 0 6 25 1
0 0 6 26 1
0 0 6 27 2
0 0 6 28 1
0 0 6 29 1
0 0 7 6 1
0 0 7 7 2
0 0 7 8 2
0 0 7 9 1
0 0 7 10 2
0 0 7 11 2
0 0 7 12 1
0 0 7 13 2
0 0 7 16 1
0 0 7 17 2
0 0 7 18 2
0 0 7 19 1
0 0 7 20 2
0 0 7 21 2
0 0 7 23 2
0 0 7 24 2
0 0 7 25 1
0 0 7 26 2
0 0 7 27 2
0 0 7 28 2
0 0 7 29 2
0 0 8 6 1
0 0 8 7 2
0 0 8 8 2
0 0 8 9 2
0 0 8 10 2
0 0 8 11 2
0 0 8 12 2
0 0 8 13 1
0 0 8 14 1
0 0 8 17 2
0 0 8 18 2
0 0 8 19 1
0 0 8 20 2
0 0 8 21 2
0 0 8 22 1
0 0 8 24 1
0 0 8 25 2
0 0 8 26 1
0 0 8 27 2
0 0 8 28 2
0 0 8 29 1
0 0 8 30 1
0 0 9 4 2
0 0 9 5 2
0 0 9 6 1
0 0 9 7 1
0 0 9 8 2
0 0 9 9 1
0 0 9 10 2
0 0 9 11 2
0 0 9 12 2
0 0 9 13 1
0 0 9 14 2
0 0 9 15 2
0 0 9 16 1
0 0 9 18 1
0 0 9 19 2
0 0 9 20 1
0 0 9 21 1
0 0 9 22 2
0 0 9 23 2
0 0 9 24 1
0 0 9 25 2
0 0 9 26 2
0 0 9 27 1
0 0 9 28 2
0 0 9 29 2
0 0 9 30 1
0 0 10 2 1
0 0 10 5 1
0 0 10 6 2
0 0 10 7 2
0 0 10 8 1
0 0 10 10 2
0 0 10 11 2
0 0 10 12 1
0 0 10 13 1
0 0 10 14 2
0 0 10 15 2
0 0 10 16 1
0 0 10 17 1
0 0 10 18 2
0 0 10 19 2
0 0 10 20 1
0 0 10 23 2
0 0 10 24 2
0 0 10 25 2
0 0 10 26 1
0 0 10 27 1
0 0 10 28 2
0 0 10 29 2
0 0 10 30 1
0 0 11 0 1
0 0 11 1 1
0 0 11 2 2
0 0 11 3 2
0 0 11 4 2
0 0 11 5 2
0 0 11 6 2
0 0 11 7 1
0 0 11 8 1
0 0 11 9 2
0 0 11 10 2
0 0 11 11 2
0 0 11 12 1
0 0 11 13 1
0 0 11 14 2
0 0 11 15 1
0 0 11 16 1
0 0 11 17 2
0 0 11 18 2
0 0 11 23 1
0 0 11 24 2
0 0 11 25 2
0 0 11 26 2
0 0 11 27 1
0 0 11 28 1
0 0 11 29 2
0 0 11 30 2
0 0 12 2 2
0 0 12 3 1
0 0 12 4 2
0 0 12 5 2
0 0 12 6 2
0 0 12 7 2
0 0 12 8 1
0 0 12 9 1
0 0 12 10 2
0 0 12 12 1
0 0 12 13 2
0 0 12 14 2
0 0 12 15 1
0 0 12 16 2
0 0 12 17 2
0 0 12 18 2
0 0 12 19 1
0 0 12 21 2
0 0 12 22 1
0 0 12 23 1
0 0 12 24 2
0 0 12 25 2
0 0 12 26 1
0 0 12 27 1
0 0 12 28 2
0 0 12 29 2
0 0 13 1 2
0 0 13 2 1
0 0 13 3 1
0 0 13 4 2
0 0 13 5 2
0 0 13 6 2
0 0 13 7 1
0 0 13 8 1
0 0 13 13 2
0 0 13 14 2
0 0 13 15 1
0 0 13 16 2
0 0 13 17 2
0 0 13 18 1
0 0 13 19 1
0 0 13 20 2
0 0 13 21 2
0 0 13 22 2
0 0 13 23 1
0 0 13 24 1
0 0 13 25 2
0 0 13 26 2
0 0 13 27 2
0 0 13 28 2
0 0 13 29 2
0 0 13 30 1
0 0 13 31 1
0 0 14 1 1
0 0 14 2 2
0 0 14 3 2
0 0 14 4 1
0 0 14 5 1
0 0 14 6 2
0 0 14 7 2
0 0 14 8 2
0 0 14 14 1
0 0 14 15 2
0 0 14 16 2
0 0 14 17 1
0 0 14 18 1
0 0 14 19 1
0 0 14 20 2
0 0 14 21 2
0 0 14 22 2
0 0 14 23 1
0 0 14 24 2
0 0 14 25 2
0 0 14 26 1
0 0 14 29 1
0 0 15 1 1
0 0 15 2 2
0 0 15 3 2
0 0 15 4 1
0 0 15 5 2
0 0 15 7 1
0 0 15 8 2
0 0 15 9 2
0 0 15 13 1
0 0 15 14 1
0 0 15 15 2
0 0 15 16 2
0 0 15 17 2
0 0 15 18 2
0 0 15 19 2
0 0 15 20 2
0 0 15 21 2
0 0 15 22 1
0 0 15 23 2
0 0 15 24 2
0 0 15 25 2
0 0 15 26 1
0 0 15 27 1
0 0 16 1 1
0 0 16 2 1
0 0 16 3 1
0 0 16 4 2
0 0 16 9 1
0 0 16 12 2
0 0 16 13 2
0 0 16 14 1
0 0 16 15 1
0 0 16 17 1
0 0 16 18 2
0 0 16 19 2
0 0 16 20 2
0 0 16 21 2
0 0 16 22 2
0 0 16 23 1
0 0 16 24 1
0 0 16 25 1
0 0 17 2 2
0 0 17 3 2
0 0 17 4 2
0 0 17 5 2
0 0 17 11 1
0 0 17 12 2
0 0 17 13 2
0 0 17 14 2
0 0 17 15 1
0 0 17 16 2
0 0 17 17 1
0 0 17 18 1
0 0 17 19 2
0 0 17 20 2
0 0 17 21 1
0 0 17 22 1
0 0 17 23 2
0 0 17 24 2
0 0 17 25 1
0 0 18 2 1
0 0 18 3 1
0 0 18 5 1
0 0 18 9 2
0 0 18 10 2
0 0 18 11 1
0 0 18 12 1
0 0 18 13 2
0 0 18 14 2
0 0 18 16 2
0 0 18 17 1
0 0 18 18 1
0 0 18 19 1
0 0 18 21 2
0 0 18 22 1
0 0 18 23 2
0 0 18 24 2
0 0 18 25 1
0 0 19 10 2
0 0 19 11 1
0 0 19 12 1
0 0 19 13 1
0 0 19 16 2
0 0 19 17 2
0 0 19 18 2
0 0 19 21 1
0 0 19 22 1
0 0 19 23 1
0 0 19 24 2
0 0 19 25 1
0 0 20 10 2
0 0 20 11 2
0 0 20 12 2
0 0 20 14 1
0 0 20 15 2
0 0 20 16 2
0 0 20 17 2
0 0 20 18 2
0 0 20 19 2
0 0 20 22 1
0 0 20 23 2
0 0 20 24 2
0 0 20 25 1
0 0 21 8 1
0 0 21 9 2
0 0 21 10 2
0 0 21 11 2
0 0 21 12 2
0 0 21 13 2
0 0 21 14 1
0 0 21 15 2
0 0 21 16 1
0 0 21 18 2
0 0 21 19 1
0 0 21 22 2
0 0 21 23 1
0 0 22 7 1
0 0 22 8 1
0 0 22 9 2
0 0 22 10 1
0 0 22 12 2
0 0 22 13 1
0 0 22 14 2
0 0 22 15 1
0 0 22 16 2
0 0 22 17 1
0 0 22 18 1
0 0 22 19 1
0 0 22 20 1
0 0 22 21 2
0 0 22 22 2
0 0 23 6 1
0 0 23 7 2
0 0 23 8 2
0 0 23 9 1
0 0 23 10 2
0 0 23 11 1
0 0 23 12 1
0 0 23 13 1
0 0 23 14 1
0 0 23 15 2
0 0 23 16 2
0 0 23 17 2
0 0 23 18 1
0 0 23 19 2
0 0 23 20 2
0 0 23 21 2
0 0 23 22 1
0 0 24 7 2
0 0 24 8 2
0 0 24 9 1
0 0 24 10 2
0 0 24 11 2
0 0 24 12 1
0 0 24 13 2
0 0 24 14 2
0 0 24 15 2
0 0 24 16 1
0 0 24 17 2
0 0 24 18 2
0 0 24 19 2
0 0 24 20 2
0 0 24 21 2
0 0 25 7 1
0 0 25 8 1
0 0 25 9 1
0 0 25 10 2
0 0 25 11 2
0 0 25 12 2
0 0 25 13 2
0 0 25 14 2
0 0 25 15 2
0 0 25 16 1
0 0 25 18 2
0 0 25 19 1
0 0 25 20 2
0 0 25 21 1
0 0 25 22 2
0 0 25 24 2
0 0 25 25 1
0 0 26 10 1
0 0 26 12 2
0 0 26 13 1
0 0 26 14 2
0 0 26 15 1
0 0 26 16 2
0 0 26 18 2
0 0 26 19 1
0 0 26 20 1
0 0 26 21 1
0 0 26 22 1
0 0 26 23 2
0 0 26 24 2
0 0 27 10 1
0 0 27 12 2
0 0 27 13 1
0 0 27 14 1
0 0 27 15 1
0 0 27 16 1
0 0 27 17 2
0 0 27 18 2
0 0 27 19 2
0 0 27 20 1
0 0 27 21 2
0 0 27 22 2
0 0 27 23 2
0 0 27 24 2
0 0 27 25 1
0 0 28 12 2
0 0 28 13 2
0 0 28 14 1
0 0 28 15 2
0 0 28 16 2
0 0 28 17 2
0 0 28 18 2
0 0 28 19 1
0 0 28 20 2
0 0 28 21 2
0 0 28 22 2
0 0 28 23 1
0 0 28 24 2
0 0 28 25 1
0 0 29 11 1
0 0 29 12 2
0 0 29 13 2
0 0 29 14 2
0 0 29 15 2
0 0 29 16 2
0 0 29 17 1
0 0 29 18 2
0 0 29 19 1
0 0 29 20 2
0 0 29 22 1
0 0 29 23 1
0 0 30 12 1
0 0 30 14 2
0 0 30 16 1
0 0 30 17 1
0 0 30 18 1
0 0 31 12 1
