0 0 0 14 1
0 0 0 15 1
0 0 0 17 1
0 0 0 18 1
0 0 0 19 1
0 0 0 20 1
0 0 0 21 1
0 0 1 14 1
0 0 1 15 1
0 0 1 16 1
0 0 1 17 1
0 0 1 18 1
0 0 1 19 1
0 0 1 20 1
0 0 1 21 1
0 0 2 11 2
0 0 2 12 2
0 0 2 13 2
0 0 2 14 2
0 0 2 15 2
0 0 2 16 1
0 0 2 17 1
0 0 2 18 1
0 0 2 19 1
0 0 2 20 1
0 0 2 21 1
0 0 3 11 2
0 0 3 12 2
0 0 3 13 2
0 0 3 14 2
0 0 3 15 2
0 0 3 16 1
0 0 3 17 1
0 0 3 18 2
0 0 3 19 1
0 0 3 20 1
0 0 3 21 1
0 0 4 11 2
0 0 4 12 2
0 0 4 13 2
0 0 4 14 1
0 0 4 15 3
0 0 4 16 2
0 0 4 17 2
0 0 4 18 1
0 0 4 19 3
0 0 4 20 3
0 0 4 21 2
0 0 4 22 3
0 0 5 11 3
0 0 5 12 1
0 0 5 13 3
0 0 5 14 1
0 0 5 15 1
0 0 5 16 1
0 0 5 17 3
0 0 5 18 3
0 0 5 19 3
0 0 5 20 3
0 0 5 21 3
0 0 5 22 3
0 0 6 11 3
0 0 6 12 1
0 0 6 13 3
0 0 6 14 1
0 0 6 15 3
0 0 6 16 1
0 0 6 17 1
0 0 6 18 3
0 0 6 19 2
0 0 6 20 2
0 0 6 21 3
0 0 6 22 3
0 0 7 12 1
0 0 7 13 3
0 0 7 14 1
0 0 7 15 1
0 0 7 16 3
0 0 7 17 2
0 0 7 18 2
0 0 7 19 2
0 0 7 20 2
0 0 7 21 2
0 0 7 22 2
0 0 8 12 1
0 0 8 13 1
0 0 8 14 1
0 0 8 15 1
0 0 8 16 1
0 0 8 17 2
0 0 8 18 2
0 0 8 19 2
0 0 8 20 3
0 0 8 21 2
0 0 8 22 2
0 0 9 4 3
0 0 9 5 3
0 0 9 6 2
0 0 9 7 2
0 0 9 8 2
0 0 9 12 1
0 0 9 13 2
0 0 9 14 1
0 0 9 15 2
0 0 9 16 3
0 0 9 17 3
0 0 9 18 2
0 0 9 19 2
0 0 9 20 2
0 0 10 0 1
0 0 10 1 1
0 0 10 2 1
0 0 10 3 2
0 0 10 4 1
0 0 10 5 1
0 0 10 6 3
0 0 10 7 3
0 0 10 8 2
0 0 10 12 1
0 0 10 13 1
0 0 10 14 1
0 0 10 15 2
0 0 10 16 1
0 0 10 17 1
0 0 10 18 3
0 0 10 19 3
0 0 10 20 2
0 0 11 0 1
0 0 11 1 1
0 0 11 2 1
0 0 11 3 3
0 0 11 4 3
0 0 11 5 3
0 0 11 6 3
0 0 11 7 3
0 0 11 8 2
0 0 11 9 2
0 0 11 10 2
0 0 11 11 3
0 0 11 12 2
0 0 11 13 3
0 0 11 14 1
0 0 11 15 3
0 0 11 16 3
0 0 11 17 3
0 0 11 18 3
0 0 11 19 3
0 0 11 20 3
0 0 11 25 3
0 0 11 26 3
0 0 11 27 2
0 0 11 28 2
0 0 11 29 2
0 0 12 0 1
0 0 12 1 1
0 0 12 2 2
0 0 12 3 1
0 0 12 4 1
0 0 12 5 1
0 0 12 6 1
0 0 12 7 1
0 0 12 8 1
0 0 12 9 1
0 0 12 10 1
0 0 12 11 2
0 0 12 12 3
0 0 12 13 1
0 0 12 14 1
0 0 12 15 1
0 0 12 16 1
0 0 12 17 1
0 0 12 18 1
0 0 12 19 1
0 0 12 20 1
0 0 12 21 1
0 0 12 22 1
0 0 12 23 1
0 0 12 24 1
0 0 12 25 1
0 0 12 26 1
0 0 12 27 2
0 0 12 28 2
0 0 12 29 2
0 0 13 0 1
0 0 13 1 1
0 0 13 2 2
0 0 13 3 2
0 0 13 4 3
0 0 13 5 3
0 0 13 6 1
0 0 13 7 1
0 0 13 8 1
0 0 13 9 1
0 0 13 10 1
0 0 13 11 2
0 0 13 12 1
0 0 13 13 3
0 0 13 14 1
0 0 13 15 2
0 0 13 16 1
0 0 13 17 1
0 0 13 18 1
0 0 13 19 1
0 0 13 20 1
0 0 13 21 2
0 0 13 22 2
0 0 13 23 1
0 0 13 24 3
0 0 13 25 3
0 0 13 26 3
0 0 13 27 3
0 0 13 28 2
0 0 13 29 2
0 0 14 0 1
0 0 14 1 1
0 0 14 2 2
0 0 14 3 2
0 0 14 4 3
0 0 14 5 3
0 0 14 6 3
0 0 14 7 2
0 0 14 8 2
0 0 14 9 3
0 0 14 10 1
0 0 14 11 3
0 0 14 12 1
0 0 14 13 1
0 0 14 14 1
0 0 14 15 3
0 0 14 16 1
0 0 14 17 1
0 0 14 18 1
0 0 14 19 1
0 0 14 20 1
0 0 14 21 2
0 0 14 22 2
0 0 14 23 3
0 0 14 24 1
0 0 14 25 1
0 0 14 26 2
0 0 14 27 1
0 0 14 28 1
0 0 14 29 1
0 0 14 30 1
0 0 14 31 1
0 0 15 1 1
0 0 15 2 1
0 0 15 3 1
0 0 15 4 3
0 0 15 5 3
0 0 15 6 2
0 0 15 7 2
0 0 15 8 2
0 0 15 9 3
0 0 15 10 1
0 0 15 11 2
0 0 15 12 2
0 0 15 13 2
0 0 15 14 2
0 0 15 15 2
0 0 15 16 1
0 0 15 17 1
0 0 15 18 2
0 0 15 19 2
0 0 15 20 2
0 0 15 21 1
0 0 15 22 1
0 0 15 23 2
0 0 15 24 2
0 0 15 25 3
0 0 15 26 3
0 0 15 27 1
0 0 15 28 1
0 0 15 29 1
0 0 15 30 1
0 0 15 31 1
0 0 16 0 1
0 0 16 1 1
0 0 16 2 1
0 0 16 3 1
0 0 16 4 2
0 0 16 5 1
0 0 16 6 1
0 0 16 7 3
0 0 16 8 2
0 0 16 9 2
0 0 16 10 2
0 0 16 11 2
0 0 16 12 1
0 0 16 13 2
0 0 16 14 1
0 0 16 15 3
0 0 16 16 2
0 0 16 17 2
0 0 16 18 1
0 0 16 19 3
0 0 16 20 2
0 0 16 21 1
0 0 16 22 1
0 0 16 23 2
0 0 16 24 2
0 0 16 25 3
0 0 16 26 3
0 0 16 27 3
0 0 16 28 2
0 0 16 29 2
0 0 16 30 1
0 0 17 0 1
0 0 17 1 1
0 0 17 2 1
0 0 17 3 3
0 0 17 4 3
0 0 17 5 3
0 0 17 6 3
0 0 17 7 3
0 0 17 8 2
0 0 17 9 2
0 0 17 10 2
0 0 17 11 1
0 0 17 12 1
0 0 17 13 3
0 0 17 14 1
0 0 17 15 1
0 0 17 16 1
0 0 17 17 3
0 0 17 18 3
0 0 17 19 3
0 0 17 20 3
0 0 17 21 1
0 0 17 22 1
0 0 17 23 1
0 0 17 24 1
0 0 17 25 3
0 0 17 26 3
0 0 17 27 3
0 0 17 28 2
0 0 17 29 2
0 0 17 30 1
0 0 17 31 1
0 0 18 2 2
0 0 18 3 2
0 0 18 4 1
0 0 18 5 1
0 0 18 6 1
0 0 18 7 1
0 0 18 8 1
0 0 18 9 1
0 0 18 10 1
0 0 18 11 1
0 0 18 12 1
0 0 18 13 1
0 0 18 14 1
0 0 18 15 3
0 0 18 16 1
0 0 18 17 1
0 0 18 18 3
0 0 18 19 2
0 0 18 20 1
0 0 18 21 1
0 0 18 22 1
0 0 18 23 1
0 0 18 24 1
0 0 18 25 1
0 0 18 26 1
0 0 18 27 1
0 0 18 28 2
0 0 18 29 2
0 0 18 30 1
0 0 18 31 1
0 0 19 2 2
0 0 19 3 2
0 0 19 4 3
0 0 19 5 3
0 0 19 6 1
0 0 19 7 1
0 0 19 8 1
0 0 19 9 1
0 0 19 10 1
0 0 19 11 1
0 0 19 12 3
0 0 19 13 3
0 0 19 14 1
0 0 19 15 1
0 0 19 16 3
0 0 19 17 2
0 0 19 18 2
0 0 19 19 2
0 0 19 20 1
0 0 19 21 2
0 0 19 22 2
0 0 19 23 1
0 0 19 24 3
0 0 19 25 3
0 0 19 26 3
0 0 19 27 3
0 0 19 28 2
0 0 19 29 2
0 0 19 30 1
0 0 19 31 1
0 0 20 2 2
0 0 20 3 2
0 0 20 4 3
0 0 20 5 3
0 0 20 6 3
0 0 20 11 3
0 0 20 12 3
0 0 20 13 1
0 0 20 14 1
0 0 20 15 1
0 0 20 16 1
0 0 20 17 1
0 0 20 18 1
0 0 20 19 2
0 0 20 20 3
0 0 20 21 2
0 0 20 22 2
0 0 20 23 3
0 0 20 24 3
0 0 20 25 1
0 0 20 26 1
0 0 20 27 2
0 0 20 28 1
0 0 20 29 1
0 0 20 30 1
0 0 20 31 1
0 0 21 11 2
0 0 21 12 2
0 0 21 13 3
0 0 21 14 1
0 0 21 15 1
0 0 21 16 1
0 0 21 17 1
0 0 21 18 1
0 0 21 19 1
0 0 21 23 2
0 0 21 24 2
0 0 21 25 3
0 0 21 26 3
0 0 21 27 2
0 0 21 28 1
0 0 21 29 1
0 0 21 30 1
0 0 21 31 1
0 0 22 11 2
0 0 22 12 2
0 0 22 13 2
0 0 22 14 1
0 0 22 15 1
0 0 22 16 1
0 0 22 17 1
0 0 22 18 1
0 0 22 19 1
0 0 22 23 2
0 0 22 24 2
0 0 22 25 3
0 0 22 26 3
0 0 22 27 3
0 0 23 9 2
0 0 23 10 2
0 0 23 11 2
0 0 23 12 2
0 0 23 13 2
0 0 23 14 1
0 0 23 15 1
0 0 23 16 1
0 0 23 17 1
0 0 23 18 1
0 0 23 19 1
0 0 24 9 2
0 0 24 10 3
0 0 24 11 2
0 0 24 12 3
0 0 24 13 3
0 0 24 14 1
0 0 24 15 1
0 0 24 16 1
0 0 24 17 1
0 0 24 18 1
0 0 24 19 1
0 0 25 9 2
0 0 25 10 3
0 0 25 11 2
0 0 25 12 1
0 0 25 13 3
0 0 25 14 1
0 0 25 15 1
0 0 25 16 1
0 0 25 17 3
0 0 25 18 3
0 0 25 19 1
0 0 25 20 3
0 0 26 9 3
0 0 26 10 1
0 0 26 11 3
0 0 26 12 1
0 0 26 13 1
0 0 26 14 1
0 0 26 15 3
0 0 26 16 3
0 0 26 17 3
0 0 26 18 3
0 0 26 19 3
0 0 26 20 3
0 0 27 9 3
0 0 27 10 1
0 0 27 11 3
0 0 27 12 2
0 0 27 13 3
0 0 27 14 1
0 0 27 15 1
0 0 27 16 2
0 0 27 17 2
0 0 27 18 2
0 0 27 19 3
0 0 27 20 3
0 0 28 10 2
0 0 28 11 3
0 0 28 12 1
0 0 28 13 1
0 0 28 14 2
0 0 28 15 2
0 0 28 16 2
0 0 28 17 2
0 0 28 18 2
0 0 28 19 2
0 0 28 20 2
0 0 29 10 1
0 0 29 11 1
0 0 29 12 1
0 0 29 13 1
0 0 29 14 1
0 0 29 15 2
0 0 29 16 2
0 0 29 17 2
0 0 29 18 2
0 0 29 19 2
0 0 29 20 2
0 0 30 10 1
0 0 30 11 1
0 0 30 12 1
0 0 30 13 1
0 0 30 14 1
0 0 30 15 1
0 0 30 16 1
0 0 30 17 1
0 0 31 10 1
0 0 31 11 1
0 0 31 12 1
0 0 31 13 1
0 0 31 14 1
0 0 31 16 1
0 0 31 17 1
