0 0 4 6 1
0 0 4 7 3
0 0 4 8 1
0 0 4 9 1
0 0 4 10 2
0 0 4 11 3
0 0 4 12 2
0 0 4 13 1
0 0 4 14 1
0 0 4 15 1
0 0 4 16 1
0 0 4 21 3
0 0 4 24 1
0 0 4 25 3
0 0 4 27 1
0 0 4 28 1
0 0 4 31 1
0 0 5 6 1
0 0 5 7 1
0 0 5 10 3
0 0 5 11 3
0 0 5 12 1
0 0 5 13 1
0 0 5 14 3
0 0 5 15 3
0 0 5 16 3
0 0 5 17 3
0 0 5 21 3
0 0 5 22 1
0 0 5 23 1
0 0 5 24 3
0 0 5 25 3
0 0 5 26 1
0 0 5 27 1
0 0 5 28 3
0 0 5 29 3
0 0 5 31 1
0 0 6 6 2
0 0 6 7 1
0 0 6 9 3
0 0 6 10 2
0 0 6 11 1
0 0 6 13 1
0 0 6 14 3
0 0 6 15 3
0 0 6 16 1
0 0 6 17 3
0 0 6 18 3
0 0 6 19 1
0 0 6 21 1
0 0 6 22 1
0 0 6 23 2
0 0 6 24 3
0 0 6 25 2
0 0 6 26 3
0 0 6 27 2
0 0 6 28 3
0 0 6 29 2
0 0 6 30 3
0 0 6 31 2
0 0 7 5 2
0 0 7 6 3
0 0 7 7 3
0 0 7 8 1
0 0 7 9 3
0 0 7 10 3
0 0 7 11 1
0 0 7 12 1
0 0 7 13 3
0 0 7 14 2
0 0 7 15 3
0 0 7 16 1
0 0 7 17 1
0 0 7 18 1
0 0 7 19 1
0 0 7 20 1
0 0 7 21 3
0 0 7 22 1
0 0 7 23 1
0 0 7 24 1
0 0 7 25 1
0 0 7 26 3
0 0 7 27 3
0 0 7 28 3
0 0 7 29 1
0 0 7 30 3
0 0 7 31 3
0 0 8 5 1
0 0 8 6 1
0 0 8 7 1
0 0 8 8 1
0 0 8 9 1
0 0 8 10 2
0 0 8 11 2
0 0 8 12 1
0 0 8 13 3
0 0 8 14 1
0 0 8 15 1
0 0 8 16 2
0 0 8 17 1
0 0 8 19 3
0 0 8 21 3
0 0 8 22 2
0 0 8 23 1
0 0 8 24 1
0 0 8 25 3
0 0 8 26 1
0 0 8 27 2
0 0 8 28 3
0 0 8 29 1
0 0 8 30 1
0 0 8 31 2
0 0 9 5 1
0 0 9 6 1
0 0 9 8 3
0 0 9 9 1
0 0 9 10 1
0 0 9 11 1
0 0 9 12 2
0 0 9 13 3
0 0 9 14 2
0 0 9 15 1
0 0 9 16 1
0 0 9 17 1
0 0 9 18 1
0 0 9 19 3
0 0 9 20 1
0 0 9 21 3
0 0 9 22 3
0 0 9 23 3
0 0 9 24 3
0 0 9 25 1
0 0 9 26 1
0 0 9 27 1
0 0 9 28 1
0 0 9 29 1
0 0 9 30 1
0 0 9 31 1
0 0 10 4 3
0 0 10 5 3
0 0 10 6 1
0 0 10 7 3
0 0 10 8 3
0 0 10 9 3
0 0 10 10 1
0 0 10 11 3
0 0 10 12 3
0 0 10 13 3
0 0 10 14 1
0 0 10 15 1
0 0 10 16 3
0 0 10 17 1
0 0 10 18 1
0 0 10 19 1
0 0 10 20 1
0 0 10 21 1
0 0 10 22 2
0 0 10 23 1
0 0 10 24 2
0 0 10 25 3
0 0 10 26 3
0 0 10 27 1
0 0 10 28 3
0 0 10 29 3
0 0 10 30 3
0 0 10 31 1
0 0 11 6 3
0 0 11 7 3
0 0 11 8 1
0 0 11 9 1
0 0 11 10 1
0 0 11 11 3
0 0 11 12 3
0 0 11 13 1
0 0 11 14 3
0 0 11 15 1
0 0 11 16 3
0 0 11 17 1
0 0 11 18 1
0 0 11 19 3
0 0 11 20 1
0 0 11 21 1
0 0 11 22 1
0 0 11 23 1
0 0 11 24 3
0 0 11 25 3
0 0 11 26 3
0 0 11 27 1
0 0 11 28 3
0 0 11 29 3
0 0 11 30 3
0 0 11 31 1
0 0 12 7 1
0 0 12 8 1
0 0 12 12 3
0 0 12 13 3
0 0 12 14 3
0 0 12 15 1
0 0 12 16 1
0 0 12 17 1
0 0 12 18 3
0 0 12 19 3
0 0 12 20 3
0 0 12 21 3
0 0 12 22 1
0 0 12 23 2
0 0 12 24 1
0 0 12 25 1
0 0 12 26 3
0 0 12 27 1
0 0 12 28 1
0 0 12 29 1
0 0 12 30 3
0 0 12 31 1
0 0 13 3 1
0 0 13 4 3
0 0 13 5 3
0 0 13 8 1
0 0 13 9 3
0 0 13 10 1
0 0 13 11 1
0 0 13 12 1
0 0 13 13 1
0 0 13 14 1
0 0 13 15 1
0 0 13 16 3
0 0 13 17 2
0 0 13 18 1
0 0 13 19 1
0 0 13 20 3
0 0 13 21 1
0 0 13 22 1
0 0 13 23 1
0 0 13 24 1
0 0 13 25 3
0 0 13 26 3
0 0 13 27 1
0 0 13 28 1
0 0 13 29 3
0 0 13 30 3
0 0 14 3 1
0 0 14 4 1
0 0 14 9 1
0 0 14 10 1
0 0 14 11 3
0 0 14 12 3
0 0 14 13 1
0 0 14 14 1
0 0 14 15 1
0 0 14 16 3
0 0 14 17 1
0 0 14 18 1
0 0 14 19 3
0 0 14 20 1
0 0 14 21 1
0 0 14 22 3
0 0 14 23 3
0 0 14 24 1
0 0 14 25 3
0 0 14 26 3
0 0 14 28 1
0 0 14 29 3
0 0 15 3 2
0 0 15 4 1
0 0 15 9 1
0 0 15 10 1
0 0 15 11 3
0 0 15 12 1
0 0 15 13 3
0 0 15 14 1
0 0 15 15 2
0 0 15 16 1
0 0 15 17 3
0 0 15 18 1
0 0 15 19 3
0 0 15 20 1
0 0 15 21 1
0 0 15 22 1
0 0 15 23 1
0 0 15 24 3
0 0 15 25 1
0 0 15 26 2
0 0 15 27 3
0 0 15 28 2
0 0 15 29 1
0 0 16 2 2
0 0 16 3 3
0 0 16 4 3
0 0 16 5 1
0 0 16 8 1
0 0 16 9 3
0 0 16 10 1
0 0 16 12 1
0 0 16 13 3
0 0 16 14 3
0 0 16 15 3
0 0 16 16 3
0 0 16 17 1
0 0 16 18 3
0 0 16 19 1
0 0 16 20 3
0 0 16 21 3
0 0 16 22 1
0 0 16 23 3
0 0 16 24 3
0 0 16 25 1
0 0 16 26 1
0 0 16 27 3
0 0 16 28 3
0 0 17 3 1
0 0 17 4 1
0 0 17 5 1
0 0 17 6 2
0 0 17 7 3
0 0 17 8 2
0 0 17 9 1
0 0 17 10 1
0 0 17 12 2
0 0 17 13 1
0 0 17 14 2
0 0 17 15 2
0 0 17 16 1
0 0 17 17 1
0 0 17 18 2
0 0 17 19 1
0 0 17 20 1
0 0 17 21 3
0 0 17 22 1
0 0 17 23 3
0 0 17 24 2
0 0 17 25 1
0 0 17 26 1
0 0 17 27 1
0 0 17 28 2
0 0 18 3 1
0 0 18 4 1
0 0 18 5 1
0 0 18 6 3
0 0 18 7 3
0 0 18 8 1
0 0 18 9 1
0 0 18 10 1
0 0 18 11 3
0 0 18 12 2
0 0 18 13 1
0 0 18 14 1
0 0 18 15 1
0 0 18 16 1
0 0 18 17 1
0 0 18 18 1
0 0 18 19 1
0 0 18 20 3
0 0 18 21 3
0 0 18 22 1
0 0 18 23 1
0 0 18 24 1
0 0 18 25 3
0 0 18 26 1
0 0 18 27 1
0 0 18 28 1
0 0 19 3 3
0 0 19 4 3
0 0 19 5 1
0 0 19 7 1
0 0 19 8 3
0 0 19 9 1
0 0 19 10 2
0 0 19 11 3
0 0 19 12 1
0 0 19 13 1
0 0 19 14 3
0 0 19 15 1
0 0 19 16 1
0 0 19 17 3
0 0 19 18 1
0 0 19 19 2
0 0 19 20 3
0 0 19 21 2
0 0 19 22 3
0 0 19 23 3
0 0 19 24 1
0 0 19 25 2
0 0 19 26 3
0 0 19 27 3
0 0 19 28 1
0 0 20 1 2
0 0 20 2 1
0 0 20 3 1
0 0 20 5 1
0 0 20 6 2
0 0 20 7 1
0 0 20 8 3
0 0 20 9 1
0 0 20 10 1
0 0 20 11 1
0 0 20 12 1
0 0 20 13 1
0 0 20 14 3
0 0 20 15 1
0 0 20 16 1
0 0 20 17 3
0 0 20 18 1
0 0 20 19 3
0 0 20 20 1
0 0 20 21 3
0 0 20 22 3
0 0 20 23 3
0 0 20 24 1
0 0 20 25 3
0 0 20 26 3
0 0 20 27 3
0 0 20 28 1
0 0 21 1 1
0 0 21 2 1
0 0 21 3 3
0 0 21 5 1
0 0 21 6 1
0 0 21 8 3
0 0 21 9 3
0 0 21 10 1
0 0 21 11 3
0 0 21 12 1
0 0 21 13 1
0 0 21 15 3
0 0 21 16 3
0 0 21 17 3
0 0 21 18 1
0 0 21 19 1
0 0 21 20 2
0 0 21 21 1
0 0 21 22 1
0 0 21 23 3
0 0 21 24 1
0 0 21 25 1
0 0 21 26 1
0 0 21 27 3
0 0 21 28 1
0 0 22 3 1
0 0 22 4 3
0 0 22 5 3
0 0 22 6 1
0 0 22 7 3
0 0 22 8 1
0 0 22 9 1
0 0 22 10 1
0 0 22 11 1
0 0 22 12 1
0 0 22 13 3
0 0 22 14 2
0 0 22 15 1
0 0 22 16 1
0 0 22 17 1
0 0 22 18 2
0 0 22 19 1
0 0 22 20 1
0 0 22 21 1
0 0 22 22 3
0 0 22 23 3
0 0 22 24 1
0 0 22 25 1
0 0 22 26 3
0 0 22 27 3
0 0 23 5 3
0 0 23 6 3
0 0 23 7 3
0 0 23 8 1
0 0 23 9 1
0 0 23 10 3
0 0 23 11 3
0 0 23 12 1
0 0 23 13 3
0 0 23 14 1
0 0 23 15 1
0 0 23 16 3
0 0 23 17 1
0 0 23 18 1
0 0 23 19 3
0 0 23 20 3
0 0 23 21 1
0 0 23 22 3
0 0 23 23 3
0 0 23 25 1
0 0 23 26 3
0 0 23 27 1
0 0 24 6 1
0 0 24 7 1
0 0 24 8 1
0 0 24 9 3
0 0 24 10 1
0 0 24 11 1
0 0 24 12 2
0 0 24 13 1
0 0 24 14 3
0 0 24 15 3
0 0 24 16 3
0 0 24 17 1
0 0 24 18 1
0 0 24 19 1
0 0 24 20 3
0 0 24 21 1
0 0 24 22 1
0 0 24 23 1
0 0 24 25 1
0 0 24 26 1
0 0 24 27 3
0 0 24 28 3
0 0 25 8 2
0 0 25 9 1
0 0 25 10 1
0 0 25 11 2
0 0 25 12 3
0 0 25 13 3
0 0 25 14 1
0 0 25 15 1
0 0 25 16 1
0 0 25 17 3
0 0 25 18 3
0 0 25 19 1
0 0 25 21 3
0 0 25 22 3
0 0 25 23 1
0 0 25 27 3
0 0 25 28 1
0 0 25 29 3
0 0 25 30 3
0 0 26 8 1
0 0 26 9 1
0 0 26 10 1
0 0 26 11 1
0 0 26 12 2
0 0 26 13 3
0 0 26 14 3
0 0 26 15 2
0 0 26 16 1
0 0 26 17 1
0 0 26 18 3
0 0 26 19 1
0 0 26 20 1
0 0 26 21 1
0 0 26 22 3
0 0 26 23 1
0 0 26 28 1
0 0 26 29 1
0 0 27 8 3
0 0 27 9 3
0 0 27 10 3
0 0 27 11 1
0 0 27 12 1
0 0 27 13 1
0 0 27 14 1
0 0 27 15 1
0 0 27 16 1
0 0 27 17 3
0 0 27 18 3
0 0 27 19 1
0 0 27 20 1
0 0 27 21 3
0 0 27 22 3
0 0 27 29 1
0 0 28 8 3
0 0 28 9 1
0 0 28 10 1
0 0 28 11 3
0 0 28 12 1
0 0 28 13 1
0 0 28 14 3
0 0 28 15 1
0 0 28 16 3
0 0 28 17 3
0 0 28 18 3
0 0 28 21 3
0 0 29 8 1
0 0 29 9 1
0 0 29 10 2
0 0 29 11 3
0 0 29 12 1
0 0 29 13 1
0 0 29 14 3
0 0 29 15 1
0 0 29 16 3
0 0 29 17 1
0 0 29 18 1
0 0 29 19 1
0 0 29 20 3
0 0 29 21 1
0 0 30 11 2
0 0 30 15 1
0 0 30 16 1
0 0 30 17 1
0 0 30 19 1
0 0 30 20 1
0 0 31 15 2
0 0 31 16 1
0 0 31 17 1
0 0 31 19 2
0 0 31 20 1
