0 0 0 6 3
0 0 0 15 3
0 0 0 16 1
0 0 0 17 4
0 0 1 6 1
0 0 1 7 2
0 0 1 14 2
0 0 1 15 3
0 0 1 16 1
0 0 2 5 2
0 0 2 6 4
0 0 2 7 3
0 0 2 8 4
0 0 2 14 2
0 0 2 15 1
0 0 2 16 4
0 0 3 4 1
0 0 3 5 4
0 0 3 6 3
0 0 3 7 3
0 0 3 8 1
0 0 3 9 2
0 0 3 16 3
0 0 3 17 3
0 0 3 18 4
0 0 3 19 1
0 0 3 22 4
0 0 3 23 1
0 0 4 5 1
0 0 4 7 1
0 0 4 10 2
0 0 4 11 3
0 0 4 13 2
0 0 4 16 2
0 0 4 17 3
0 0 4 18 2
0 0 4 19 3
0 0 4 20 3
0 0 4 21 2
0 0 4 22 1
0 0 4 24 2
0 0 4 26 2
0 0 5 5 1
0 0 5 7 4
0 0 5 8 1
0 0 5 9 2
0 0 5 10 1
0 0 5 13 3
0 0 5 14 4
0 0 5 16 4
0 0 5 17 3
0 0 5 18 3
0 0 5 19 1
0 0 5 20 1
0 0 5 21 3
0 0 5 22 4
0 0 5 23 4
0 0 5 24 1
0 0 5 26 1
0 0 5 27 3
0 0 6 5 4
0 0 6 6 3
0 0 6 7 1
0 0 6 8 3
0 0 6 9 1
0 0 6 10 4
0 0 6 12 2
0 0 6 13 3
0 0 6 14 4
0 0 6 15 1
0 0 6 16 2
0 0 6 17 3
0 0 6 18 1
0 0 6 19 1
0 0 6 20 4
0 0 6 21 3
0 0 6 22 2
0 0 6 23 1
0 0 6 24 4
0 0 6 25 1
0 0 6 26 4
0 0 6 27 1
0 0 7 3 1
0 0 7 4 4
0 0 7 5 3
0 0 7 6 2
0 0 7 7 1
0 0 7 8 1
0 0 7 10 2
0 0 7 12 2
0 0 7 13 1
0 0 7 14 4
0 0 7 15 2
0 0 7 16 2
0 0 7 17 1
0 0 7 18 4
0 0 7 19 3
0 0 7 20 1
0 0 7 21 4
0 0 7 22 1
0 0 7 23 4
0 0 7 24 3
0 0 8 3 3
0 0 8 4 1
0 0 8 6 3
0 0 8 7 3
0 0 8 8 4
0 0 8 9 2
0 0 8 10 2
0 0 8 11 4
0 0 8 12 1
0 0 8 13 3
0 0 8 14 4
0 0 8 15 1
0 0 8 16 3
0 0 8 17 4
0 0 8 18 3
0 0 8 19 4
0 0 8 20 1
0 0 8 21 1
0 0 8 22 4
0 0 8 23 2
0 0 8 24 4
0 0 8 25 1
0 0 8 26 1
0 0 8 27 2
0 0 9 4 2
0 0 9 6 2
0 0 9 7 1
0 0 9 8 3
0 0 9 9 1
0 0 9 10 2
0 0 9 11 1
0 0 9 12 1
0 0 9 13 2
0 0 9 14 3
0 0 9 15 4
0 0 9 16 1
0 0 9 17 3
0 0 9 18 2
0 0 9 19 3
0 0 9 20 1
0 0 9 21 1
0 0 9 22 3
0 0 9 23 4
0 0 9 24 1
0 0 9 25 3
0 0 10 7 2
0 0 10 8 1
0 0 10 9 4
0 0 10 10 2
0 0 10 11 3
0 0 10 12 1
0 0 10 13 1
0 0 10 14 1
0 0 10 15 2
0 0 10 16 4
0 0 10 17 4
0 0 10 18 1
0 0 10 19 1
0 0 10 20 2
0 0 10 21 2
0 0 10 22 3
0 0 10 23 3
0 0 10 24 2
0 0 11 7 4
0 0 11 8 2
0 0 11 9 3
0 0 11 10 2
0 0 11 11 1
0 0 11 12 1
0 0 11 13 4
0 0 11 14 2
0 0 11 15 3
0 0 11 16 4
0 0 11 17 3
0 0 11 18 1
0 0 11 19 4
0 0 11 20 1
0 0 11 21 3
0 0 11 22 3
0 0 11 23 4
0 0 11 24 4
0 0 11 25 2
0 0 12 7 2
0 0 12 8 2
0 0 12 9 2
0 0 12 10 3
0 0 12 11 1
0 0 12 12 1
0 0 12 13 3
0 0 12 14 4
0 0 12 15 1
0 0 12 16 3
0 0 12 17 3
0 0 12 18 1
0 0 12 19 3
0 0 12 20 4
0 0 12 21 1
0 0 12 22 4
0 0 12 24 3
0 0 12 25 4
0 0 12 26 1
0 0 12 27 3
0 0 13 6 4
0 0 13 7 1
0 0 13 8 3
0 0 13 9 1
0 0 13 10 1
0 0 13 11 4
0 0 13 12 1
0 0 13 13 3
0 0 13 14 3
0 0 13 15 2
0 0 13 16 2
0 0 13 17 1
0 0 13 18 4
0 0 13 19 4
0 0 13 20 3
0 0 13 21 4
0 0 13 22 4
0 0 13 23 2
0 0 13 24 3
0 0 13 25 3
0 0 13 26 2
0 0 14 5 2
0 0 14 6 3
0 0 14 7 2
0 0 14 8 1
0 0 14 9 4
0 0 14 10 3
0 0 14 11 1
0 0 14 12 1
0 0 14 13 1
0 0 14 14 4
0 0 14 15 4
0 0 14 16 1
0 0 14 17 2
0 0 14 18 3
0 0 14 19 1
0 0 14 20 1
0 0 14 21 1
0 0 14 22 1
0 0 14 23 3
0 0 14 24 1
0 0 14 25 4
0 0 15 4 3
0 0 15 5 1
0 0 15 6 4
0 0 15 7 3
0 0 15 9 3
0 0 15 10 2
0 0 15 11 2
0 0 15 12 3
0 0 15 13 2
0 0 15 14 3
0 0 15 15 2
0 0 15 16 3
0 0 15 17 3
0 0 15 18 2
0 0 15 19 3
0 0 15 20 2
0 0 15 21 3
0 0 15 22 1
0 0 15 23 2
0 0 15 24 2
0 0 16 5 4
0 0 16 6 2
0 0 16 7 4
0 0 16 8 1
0 0 16 9 2
0 0 16 10 4
0 0 16 11 3
0 0 16 12 4
0 0 16 13 1
0 0 16 14 2
0 0 16 15 3
0 0 16 16 4
0 0 16 17 4
0 0 16 18 4
0 0 16 19 3
0 0 16 20 1
0 0 16 21 1
0 0 16 22 2
0 0 16 23 2
0 0 16 24 2
0 0 17 5 4
0 0 17 6 1
0 0 17 7 1
0 0 17 8 3
0 0 17 9 1
0 0 17 10 1
0 0 17 11 3
0 0 17 12 1
0 0 17 13 2
0 0 17 14 3
0 0 17 15 4
0 0 17 16 4
0 0 17 17 1
0 0 17 18 2
0 0 17 19 2
0 0 17 20 4
0 0 17 21 3
0 0 17 22 1
0 0 17 23 1
0 0 17 24 1
0 0 17 25 3
0 0 18 5 3
0 0 18 6 3
0 0 18 7 1
0 0 18 8 4
0 0 18 9 4
0 0 18 10 1
0 0 18 11 1
0 0 18 12 4
0 0 18 13 1
0 0 18 14 2
0 0 18 15 1
0 0 18 16 1
0 0 18 17 1
0 0 18 18 2
0 0 18 19 1
0 0 18 20 3
0 0 18 21 2
0 0 18 22 2
0 0 18 23 3
0 0 18 24 4
0 0 18 25 1
0 0 19 6 2
0 0 19 7 2
0 0 19 10 2
0 0 19 11 3
0 0 19 12 1
0 0 19 13 2
0 0 19 14 3
0 0 19 15 4
0 0 19 16 1
0 0 19 17 2
0 0 19 18 3
0 0 19 19 4
0 0 19 20 1
0 0 19 21 1
0 0 19 22 3
0 0 19 23 4
0 0 19 24 4
0 0 19 25 3
0 0 20 3 1
0 0 20 8 1
0 0 20 9 4
0 0 20 10 3
0 0 20 11 2
0 0 20 12 3
0 0 20 13 2
0 0 20 14 1
0 0 20 15 4
0 0 20 16 1
0 0 20 17 4
0 0 20 18 3
0 0 20 19 3
0 0 20 20 1
0 0 20 21 4
0 0 20 22 3
0 0 20 23 2
0 0 20 24 3
0 0 21 0 2
0 0 21 1 1
0 0 21 2 1
0 0 21 3 4
0 0 21 4 2
0 0 21 8 3
0 0 21 9 1
0 0 21 10 3
0 0 21 11 4
0 0 21 12 1
0 0 21 13 3
0 0 21 14 3
0 0 21 15 1
0 0 21 16 1
0 0 21 17 1
0 0 21 18 2
0 0 21 19 4
0 0 21 20 3
0 0 21 21 1
0 0 21 23 1
0 0 21 24 3
0 0 22 3 3
0 0 22 4 4
0 0 22 5 3
0 0 22 6 4
0 0 22 7 1
0 0 22 8 4
0 0 22 9 2
0 0 22 10 4
0 0 22 11 1
0 0 22 12 2
0 0 22 13 4
0 0 22 14 1
0 0 22 15 2
0 0 22 16 3
0 0 22 17 2
0 0 22 18 1
0 0 22 19 1
0 0 22 20 1
0 0 22 21 2
0 0 22 22 3
0 0 22 23 4
0 0 22 24 1
0 0 22 25 1
0 0 22 26 4
0 0 23 0 1
0 0 23 1 4
0 0 23 2 1
0 0 23 3 4
0 0 23 4 3
0 0 23 5 2
0 0 23 6 1
0 0 23 7 2
0 0 23 8 2
0 0 23 9 4
0 0 23 10 1
0 0 23 13 1
0 0 23 14 3
0 0 23 15 2
0 0 23 17 4
0 0 23 18 1
0 0 23 19 3
0 0 23 20 1
0 0 23 21 3
0 0 23 22 4
0 0 23 23 2
0 0 23 25 2
0 0 23 28 4
0 0 24 0 3
0 0 24 1 1
0 0 24 3 1
0 0 24 4 4
0 0 24 5 4
0 0 24 6 3
0 0 24 7 1
0 0 24 8 1
0 0 24 9 3
0 0 24 10 4
0 0 24 13 4
0 0 24 15 2
0 0 24 16 2
0 0 24 17 1
0 0 24 18 2
0 0 24 19 1
0 0 24 20 4
0 0 24 21 1
0 0 24 22 1
0 0 24 25 3
0 0 24 27 2
0 0 24 28 1
0 0 25 1 2
0 0 25 3 2
0 0 25 5 1
0 0 25 6 2
0 0 25 7 3
0 0 25 8 4
0 0 25 9 1
0 0 25 10 2
0 0 25 13 4
0 0 25 16 3
0 0 25 17 2
0 0 25 18 3
0 0 25 20 1
0 0 25 22 1
0 0 25 25 4
0 0 25 26 1
0 0 25 27 2
0 0 26 4 1
0 0 26 5 4
0 0 26 8 1
0 0 26 9 4
0 0 26 10 3
0 0 26 13 1
0 0 26 14 2
0 0 26 15 3
0 0 26 16 4
0 0 26 17 1
0 0 26 18 2
0 0 26 19 1
0 0 26 20 3
0 0 26 21 3
0 0 26 22 4
0 0 26 23 1
0 0 26 25 1
0 0 26 26 3
0 0 26 27 4
0 0 27 10 4
0 0 27 11 3
0 0 27 12 1
0 0 27 13 4
0 0 27 18 3
0 0 27 19 4
0 0 27 20 3
0 0 27 21 4
0 0 27 22 2
0 0 27 24 3
0 0 27 25 2
0 0 27 26 3
0 0 27 27 2
0 0 28 8 2
0 0 28 9 3
0 0 28 10 4
0 0 28 11 1
0 0 28 20 2
0 0 28 21 1
0 0 28 27 3
0 0 29 8 2
0 0 29 11 3
0 0 29 21 3
0 0 29 27 4
0 0 29 28 1
0 0 29 29 2
0 0 30 27 1
0 0 30 28 3
0 0 30 29 2
0 0 31 26 4
0 0 31 27 1
0 0 31 28 3
