0 0 0 14 3
0 0 0 15 2
0 0 0 17 3
0 0 0 20 3
0 0 0 22 2
0 0 0 23 1
0 0 0 25 3
0 0 0 26 2
0 0 0 30 2
0 0 1 12 3
0 0 1 13 3
0 0 1 14 1
0 0 1 15 3
0 0 1 16 2
0 0 1 17 3
0 0 1 18 1
0 0 1 19 2
0 0 1 20 1
0 0 1 21 1
0 0 1 22 2
0 0 1 23 1
0 0 1 24 1
0 0 1 25 1
0 0 1 26 1
0 0 1 27 3
0 0 1 28 3
0 0 1 30 3
0 0 2 11 3
0 0 2 13 3
0 0 2 14 1
0 0 2 15 2
0 0 2 16 2
0 0 2 17 1
0 0 2 18 3
0 0 2 19 3
0 0 2 20 1
0 0 2 21 3
0 0 2 22 1
0 0 2 23 2
0 0 2 24 2
0 0 2 25 3
0 0 2 27 1
0 0 2 29 2
0 0 2 30 1
0 0 3 11 3
0 0 3 12 1
0 0 3 13 2
0 0 3 14 2
0 0 3 15 3
0 0 3 16 3
0 0 3 17 1
0 0 3 18 3
0 0 3 19 3
0 0 3 20 1
0 0 3 21 3
0 0 3 23 1
0 0 3 24 1
0 0 3 27 2
0 0 3 28 3
0 0 3 29 2
0 0 3 30 3
0 0 4 10 3
0 0 4 11 1
0 0 4 12 3
0 0 4 13 1
0 0 4 14 1
0 0 4 15 2
0 0 4 16 1
0 0 4 17 1
0 0 4 18 2
0 0 4 19 1
0 0 4 20 3
0 0 4 21 2
0 0 4 22 2
0 0 4 24 3
0 0 4 25 3
0 0 4 26 3
0 0 4 27 1
0 0 4 28 1
0 0 4 29 1
0 0 4 30 2
0 0 5 10 3
0 0 5 11 1
0 0 5 12 3
0 0 5 13 3
0 0 5 14 1
0 0 5 15 1
0 0 5 16 1
0 0 5 17 1
0 0 5 18 2
0 0 5 19 1
0 0 5 20 2
0 0 5 21 2
0 0 5 22 1
0 0 5 23 2
0 0 5 24 3
0 0 5 25 3
0 0 5 26 3
0 0 5 27 2
0 0 5 28 3
0 0 5 29 3
0 0 5 30 3
0 0 6 11 3
0 0 6 12 3
0 0 6 13 3
0 0 6 14 1
0 0 6 15 2
0 0 6 16 1
0 0 6 17 2
0 0 6 18 1
0 0 6 19 2
0 0 6 20 1
0 0 6 21 1
0 0 6 22 2
0 0 6 23 3
0 0 6 24 2
0 0 6 25 3
0 0 6 26 1
0 0 6 27 1
0 0 6 28 3
0 0 6 29 3
0 0 6 30 3
0 0 6 31 3
0 0 7 10 1
0 0 7 11 3
0 0 7 12 2
0 0 7 13 1
0 0 7 14 3
0 0 7 16 3
0 0 7 17 1
0 0 7 18 3
0 0 7 19 3
0 0 7 20 2
0 0 7 21 2
0 0 7 22 1
0 0 7 23 3
0 0 7 24 1
0 0 7 25 3
0 0 7 26 3
0 0 7 27 3
0 0 7 28 2
0 0 7 30 1
0 0 8 8 3
0 0 8 9 2
0 0 8 10 2
0 0 8 11 2
0 0 8 12 3
0 0 8 13 1
0 0 8 14 3
0 0 8 15 1
0 0 8 16 3
0 0 8 17 3
0 0 8 18 1
0 0 8 19 1
0 0 8 20 2
0 0 8 21 2
0 0 8 22 1
0 0 8 23 3
0 0 8 24 3
0 0 8 25 1
0 0 8 26 2
0 0 8 27 1
0 0 8 29 3
0 0 8 30 2
0 0 9 8 1
0 0 9 9 1
0 0 9 10 2
0 0 9 11 3
0 0 9 12 2
0 0 9 13 1
0 0 9 14 2
0 0 9 15 1
0 0 9 17 2
0 0 9 18 2
0 0 9 19 3
0 0 9 20 3
0 0 9 21 1
0 0 9 22 2
0 0 9 23 1
0 0 9 24 1
0 0 9 25 2
0 0 9 26 3
0 0 9 27 3
0 0 9 30 1
0 0 10 7 1
0 0 10 8 2
0 0 10 9 2
0 0 10 10 3
0 0 10 11 1
0 0 10 12 1
0 0 10 13 1
0 0 10 14 2
0 0 10 15 1
0 0 10 17 1
0 0 10 18 3
0 0 10 19 2
0 0 10 20 2
0 0 10 21 2
0 0 10 22 3
0 0 10 23 1
0 0 10 24 2
0 0 10 25 2
0 0 10 26 1
0 0 10 27 1
0 0 10 28 3
0 0 10 29 3
0 0 11 2 1
0 0 11 5 3
0 0 11 8 2
0 0 11 9 2
0 0 11 10 2
0 0 11 11 3
0 0 11 12 2
0 0 11 13 2
0 0 11 14 1
0 0 11 15 2
0 0 11 16 1
0 0 11 17 1
0 0 11 18 1
0 0 11 19 1
0 0 11 20 3
0 0 11 21 1
0 0 11 22 3
0 0 11 23 1
0 0 11 24 2
0 0 11 25 2
0 0 11 26 3
0 0 11 27 3
0 0 11 28 1
0 0 11 30 3
0 0 12 2 2
0 0 12 3 3
0 0 12 4 1
0 0 12 5 1
0 0 12 6 1
0 0 12 7 3
0 0 12 8 3
0 0 12 9 3
0 0 12 10 3
0 0 12 11 3
0 0 12 12 1
0 0 12 13 1
0 0 12 14 3
0 0 12 15 3
0 0 12 16 2
0 0 12 17 2
0 0 12 18 1
0 0 12 19 3
0 0 12 20 3
0 0 12 21 3
0 0 12 22 1
0 0 12 23 2
0 0 12 24 1
0 0 12 25 3
0 0 12 27 1
0 0 12 28 2
0 0 12 29 2
0 0 12 30 3
0 0 13 2 1
0 0 13 4 3
0 0 13 5 2
0 0 13 6 2
0 0 13 7 1
0 0 13 8 3
0 0 13 9 3
0 0 13 10 3
0 0 13 11 3
0 0 13 12 3
0 0 13 13 3
0 0 13 14 1
0 0 13 15 1
0 0 13 16 2
0 0 13 17 2
0 0 13 18 1
0 0 13 19 2
0 0 13 20 2
0 0 13 21 2
0 0 13 22 2
0 0 13 23 3
0 0 13 24 1
0 0 13 25 1
0 0 13 26 1
0 0 13 27 2
0 0 13 28 1
0 0 13 29 1
0 0 13 30 1
0 0 13 31 3
0 0 14 1 3
0 0 14 2 3
0 0 14 3 1
0 0 14 4 1
0 0 14 5 1
0 0 14 6 1
0 0 14 7 2
0 0 14 8 1
0 0 14 9 2
0 0 14 10 1
0 0 14 11 3
0 0 14 12 3
0 0 14 13 2
0 0 14 14 3
0 0 14 15 3
0 0 14 16 3
0 0 14 17 1
0 0 14 18 2
0 0 14 19 2
0 0 14 20 1
0 0 14 21 2
0 0 14 22 3
0 0 14 23 2
0 0 14 24 2
0 0 14 25 3
0 0 14 26 1
0 0 14 27 2
0 0 14 28 1
0 0 14 29 2
0 0 14 30 3
0 0 14 31 2
0 0 15 3 2
0 0 15 4 3
0 0 15 5 1
0 0 15 6 1
0 0 15 7 2
0 0 15 8 1
0 0 15 9 3
0 0 15 10 2
0 0 15 11 3
0 0 15 12 2
0 0 15 13 1
0 0 15 14 2
0 0 15 15 3
0 0 15 16 2
0 0 15 17 2
0 0 15 18 2
0 0 15 19 1
0 0 15 20 2
0 0 15 21 2
0 0 15 22 1
0 0 15 23 1
0 0 15 24 3
0 0 15 25 3
0 0 15 27 3
0 0 15 28 1
0 0 15 29 3
0 0 15 30 2
0 0 16 5 2
0 0 16 6 3
0 0 16 8 1
0 0 16 9 1
0 0 16 10 2
0 0 16 11 3
0 0 16 12 1
0 0 16 13 1
0 0 16 14 1
0 0 16 15 3
0 0 16 16 1
0 0 16 17 3
0 0 16 18 3
0 0 16 19 1
0 0 16 20 2
0 0 16 21 2
0 0 16 22 3
0 0 16 23 3
0 0 16 24 1
0 0 16 25 3
0 0 16 27 3
0 0 16 28 1
0 0 16 29 2
0 0 16 30 3
0 0 17 9 3
0 0 17 11 3
0 0 17 12 2
0 0 17 13 2
0 0 17 14 1
0 0 17 15 3
0 0 17 16 1
0 0 17 17 2
0 0 17 18 3
0 0 17 19 1
0 0 17 20 1
0 0 17 21 1
0 0 17 22 1
0 0 17 23 1
0 0 17 24 2
0 0 17 25 2
0 0 17 26 2
0 0 17 27 1
0 0 17 28 3
0 0 17 29 2
0 0 17 30 3
0 0 18 8 3
0 0 18 9 2
0 0 18 10 1
0 0 18 11 1
0 0 18 12 1
0 0 18 13 1
0 0 18 14 2
0 0 18 15 1
0 0 18 16 3
0 0 18 17 3
0 0 18 18 1
0 0 18 19 2
0 0 18 20 2
0 0 18 21 3
0 0 18 22 1
0 0 18 23 2
0 0 18 24 1
0 0 18 25 1
0 0 18 28 3
0 0 19 9 2
0 0 19 10 2
0 0 19 11 3
0 0 19 13 1
0 0 19 14 2
0 0 19 15 3
0 0 19 16 3
0 0 19 17 3
0 0 19 18 1
0 0 19 19 1
0 0 19 20 1
0 0 19 21 3
0 0 19 22 1
0 0 19 23 2
0 0 19 24 1
0 0 20 9 3
0 0 20 16 2
0 0 20 17 2
0 0 20 18 3
0 0 20 20 3
0 0 20 23 3
0 0 20 24 1
0 0 20 25 3
0 0 21 8 2
0 0 21 9 1
0 0 21 10 3
0 0 21 15 1
0 0 21 16 2
0 0 21 17 2
0 0 21 18 1
0 0 21 20 2
0 0 21 22 3
0 0 21 24 1
0 0 21 25 2
0 0 22 6 2
0 0 22 7 3
0 0 22 8 2
0 0 22 9 3
0 0 22 10 2
0 0 22 13 3
0 0 22 14 2
0 0 22 15 2
0 0 22 16 1
0 0 22 17 1
0 0 22 21 1
0 0 22 22 2
0 0 22 23 1
0 0 22 24 3
0 0 23 4 3
0 0 23 5 3
0 0 23 6 3
0 0 23 7 1
0 0 23 8 1
0 0 23 9 2
0 0 23 13 1
0 0 23 14 1
0 0 23 15 2
0 0 23 16 2
0 0 23 17 3
0 0 23 24 3
0 0 24 4 3
0 0 24 5 3
0 0 24 6 3
0 0 24 7 2
0 0 24 8 3
0 0 24 9 3
0 0 24 12 1
0 0 24 13 2
0 0 24 14 2
0 0 24 15 1
0 0 24 17 3
0 0 25 4 2
0 0 25 5 1
0 0 25 6 1
0 0 25 7 3
0 0 25 8 3
0 0 25 9 3
0 0 25 10 3
0 0 25 13 2
0 0 25 14 2
0 0 25 16 2
0 0 25 17 3
0 0 25 18 1
0 0 25 19 2
0 0 25 20 1
0 0 26 4 3
0 0 26 5 2
0 0 26 6 3
0 0 26 7 2
0 0 26 10 1
0 0 26 11 1
0 0 26 13 3
0 0 26 14 1
0 0 26 15 3
0 0 26 16 2
0 0 26 17 1
0 0 26 19 3
0 0 26 20 2
0 0 27 4 1
0 0 27 5 2
0 0 27 7 1
0 0 27 9 3
0 0 27 10 2
0 0 27 11 2
0 0 27 12 1
0 0 27 13 3
0 0 27 14 1
0 0 27 15 2
0 0 27 16 3
0 0 27 20 1
0 0 27 21 3
0 0 28 4 3
0 0 28 6 3
0 0 28 7 3
0 0 28 8 1
0 0 28 9 1
0 0 28 10 1
0 0 28 11 1
0 0 28 12 2
0 0 28 13 1
0 0 28 14 3
0 0 28 16 1
0 0 29 4 2
0 0 29 8 2
0 0 29 9 3
0 0 29 11 1
0 0 29 12 2
0 0 29 14 3
