0 0 0 5 1
0 0 1 5 2
0 0 1 9 1
0 0 1 10 2
0 0 1 11 2
0 0 1 12 3
0 0 1 14 1
0 0 2 4 3
0 0 2 5 2
0 0 2 8 1
0 0 2 11 3
0 0 2 12 1
0 0 2 13 2
0 0 2 14 1
0 0 2 19 1
0 0 2 20 1
0 0 2 21 1
0 0 3 3 1
0 0 3 4 2
0 0 3 5 3
0 0 3 6 3
0 0 3 7 1
0 0 3 8 2
0 0 3 9 1
0 0 3 10 2
0 0 3 11 3
0 0 3 12 1
0 0 3 13 2
0 0 3 14 3
0 0 3 15 3
0 0 3 16 3
0 0 3 19 1
0 0 3 20 2
0 0 3 21 2
0 0 4 3 2
0 0 4 4 2
0 0 4 7 3
0 0 4 8 1
0 0 4 9 1
0 0 4 10 3
0 0 4 11 1
0 0 4 12 2
0 0 4 13 2
0 0 4 14 2
0 0 4 15 2
0 0 4 16 2
0 0 4 17 2
0 0 4 18 1
0 0 4 19 3
0 0 4 20 3
0 0 4 21 2
0 0 4 27 3
0 0 5 2 3
0 0 5 3 1
0 0 5 4 1
0 0 5 7 2
0 0 5 8 3
0 0 5 9 2
0 0 5 10 1
0 0 5 11 1
0 0 5 12 2
0 0 5 13 2
0 0 5 14 2
0 0 5 15 1
0 0 5 16 2
0 0 5 17 2
0 0 5 18 3
0 0 5 19 3
0 0 5 20 2
0 0 5 21 3
0 0 5 22 1
0 0 5 23 3
0 0 5 27 1
0 0 6 2 2
0 0 6 3 3
0 0 6 4 3
0 0 6 5 1
0 0 6 6 2
0 0 6 7 2
0 0 6 8 2
0 0 6 9 2
0 0 6 10 3
0 0 6 11 2
0 0 6 12 1
0 0 6 13 3
0 0 6 14 1
0 0 6 15 2
0 0 6 16 3
0 0 6 17 1
0 0 6 18 3
0 0 6 19 3
0 0 6 20 2
0 0 6 21 1
0 0 6 22 3
0 0 6 23 2
0 0 6 27 2
0 0 7 2 2
0 0 7 7 3
0 0 7 8 3
0 0 7 9 3
0 0 7 10 2
0 0 7 11 1
0 0 7 12 3
0 0 7 13 1
0 0 7 14 3
0 0 7 15 2
0 0 7 16 1
0 0 7 17 2
0 0 7 18 3
0 0 7 19 2
0 0 7 20 1
0 0 7 21 3
0 0 7 22 3
0 0 7 23 3
0 0 7 24 3
0 0 7 25 2
0 0 7 26 2
0 0 7 27 3
0 0 8 2 1
0 0 8 4 1
0 0 8 10 2
0 0 8 11 3
0 0 8 12 1
0 0 8 13 2
0 0 8 14 2
0 0 8 15 3
0 0 8 16 2
0 0 8 17 2
0 0 8 18 1
0 0 8 20 3
0 0 8 21 2
0 0 8 22 2
0 0 8 23 1
0 0 8 24 1
0 0 8 25 1
0 0 8 26 2
0 0 8 27 3
0 0 9 4 2
0 0 9 10 1
0 0 9 11 2
0 0 9 12 2
0 0 9 13 3
0 0 9 14 3
0 0 9 15 1
0 0 9 16 2
0 0 9 17 3
0 0 9 18 2
0 0 9 19 1
0 0 9 20 3
0 0 9 21 3
0 0 9 22 3
0 0 9 23 2
0 0 9 26 2
0 0 9 27 3
0 0 10 3 3
0 0 10 4 2
0 0 10 7 3
0 0 10 10 1
0 0 10 11 2
0 0 10 12 2
0 0 10 13 3
0 0 10 14 2
0 0 10 15 2
0 0 10 16 3
0 0 10 17 3
0 0 10 18 2
0 0 10 19 1
0 0 10 20 1
0 0 10 21 2
0 0 10 22 2
0 0 10 23 3
0 0 10 26 2
0 0 11 3 2
0 0 11 4 3
0 0 11 5 3
0 0 11 6 1
0 0 11 7 3
0 0 11 8 2
0 0 11 9 3
0 0 11 10 2
0 0 11 11 3
0 0 11 12 2
0 0 11 13 3
0 0 11 14 1
0 0 11 15 2
0 0 11 16 3
0 0 11 17 1
0 0 11 18 3
0 0 11 19 2
0 0 11 20 1
0 0 11 21 2
0 0 11 22 2
0 0 11 23 3
0 0 11 26 1
0 0 12 2 1
0 0 12 3 2
0 0 12 5 2
0 0 12 6 2
0 0 12 7 1
0 0 12 8 2
0 0 12 9 2
0 0 12 10 3
0 0 12 11 1
0 0 12 12 1
0 0 12 13 2
0 0 12 14 3
0 0 12 15 2
0 0 12 16 3
0 0 12 17 2
0 0 12 18 2
0 0 12 19 1
0 0 12 20 3
0 0 12 21 2
0 0 12 22 2
0 0 12 23 3
0 0 12 24 1
0 0 12 25 1
0 0 12 26 3
0 0 13 3 1
0 0 13 4 3
0 0 13 5 3
0 0 13 6 2
0 0 13 7 2
0 0 13 8 1
0 0 13 9 2
0 0 13 10 3
0 0 13 11 1
0 0 13 12 1
0 0 13 13 2
0 0 13 14 3
0 0 13 15 1
0 0 13 16 1
0 0 13 17 2
0 0 13 18 3
0 0 13 19 3
0 0 13 20 3
0 0 13 21 2
0 0 13 22 2
0 0 13 23 1
0 0 13 24 2
0 0 13 25 2
0 0 13 26 3
0 0 13 28 1
0 0 14 4 2
0 0 14 5 2
0 0 14 6 3
0 0 14 7 3
0 0 14 8 1
0 0 14 9 2
0 0 14 10 1
0 0 14 11 3
0 0 14 12 2
0 0 14 13 2
0 0 14 14 3
0 0 14 15 3
0 0 14 16 2
0 0 14 17 2
0 0 14 18 2
0 0 14 19 2
0 0 14 20 2
0 0 14 21 2
0 0 14 22 1
0 0 14 23 3
0 0 14 24 3
0 0 14 25 2
0 0 14 26 2
0 0 14 27 2
0 0 14 28 1
0 0 15 4 1
0 0 15 5 2
0 0 15 6 2
0 0 15 7 3
0 0 15 8 3
0 0 15 9 1
0 0 15 10 2
0 0 15 11 1
0 0 15 12 3
0 0 15 13 2
0 0 15 14 2
0 0 15 15 3
0 0 15 16 1
0 0 15 17 1
0 0 15 18 2
0 0 15 19 2
0 0 15 20 1
0 0 15 21 3
0 0 15 22 3
0 0 15 24 2
0 0 15 25 3
0 0 15 26 1
0 0 15 27 1
0 0 16 4 1
0 0 16 5 1
0 0 16 6 2
0 0 16 7 2
0 0 16 9 1
0 0 16 10 3
0 0 16 11 2
0 0 16 12 2
0 0 16 13 2
0 0 16 14 1
0 0 16 15 2
0 0 16 16 2
0 0 16 17 1
0 0 16 18 3
0 0 16 19 1
0 0 16 20 2
0 0 16 21 2
0 0 16 22 3
0 0 16 23 3
0 0 16 24 1
0 0 16 25 2
0 0 16 26 2
0 0 16 27 2
0 0 17 3 1
0 0 17 4 2
0 0 17 5 2
0 0 17 6 3
0 0 17 7 3
0 0 17 8 1
0 0 17 9 2
0 0 17 10 2
0 0 17 11 3
0 0 17 12 2
0 0 17 13 3
0 0 17 14 2
0 0 17 15 2
0 0 17 16 2
0 0 17 17 1
0 0 17 18 2
0 0 17 19 3
0 0 17 20 2
0 0 17 21 3
0 0 17 22 2
0 0 17 23 2
0 0 17 24 1
0 0 17 25 3
0 0 17 26 3
0 0 17 27 2
0 0 18 3 1
0 0 18 5 3
0 0 18 6 1
0 0 18 7 2
0 0 18 8 1
0 0 18 9 3
0 0 18 10 2
0 0 18 11 3
0 0 18 12 2
0 0 18 13 3
0 0 18 14 2
0 0 18 15 3
0 0 18 16 2
0 0 18 17 3
0 0 18 18 2
0 0 18 19 3
0 0 18 20 2
0 0 18 21 3
0 0 18 22 2
0 0 18 23 1
0 0 18 24 3
0 0 18 25 2
0 0 18 26 2
0 0 18 27 3
0 0 18 28 1
0 0 19 5 3
0 0 19 6 1
0 0 19 7 1
0 0 19 8 3
0 0 19 9 2
0 0 19 10 2
0 0 19 11 3
0 0 19 12 3
0 0 19 13 3
0 0 19 14 1
0 0 19 15 2
0 0 19 16 2
0 0 19 17 2
0 0 19 18 3
0 0 19 19 1
0 0 19 20 2
0 0 19 21 3
0 0 19 22 3
0 0 19 23 1
0 0 19 24 2
0 0 19 25 2
0 0 19 26 2
0 0 19 28 2
0 0 19 29 1
0 0 20 5 1
0 0 20 8 3
0 0 20 9 2
0 0 20 10 2
0 0 20 11 2
0 0 20 12 2
0 0 20 13 3
0 0 20 14 1
0 0 20 15 3
0 0 20 16 3
0 0 20 17 3
0 0 20 18 3
0 0 20 19 2
0 0 20 20 1
0 0 20 21 2
0 0 20 22 2
0 0 20 23 2
0 0 20 24 1
0 0 20 25 1
0 0 20 26 3
0 0 20 27 3
0 0 20 28 2
0 0 21 5 2
0 0 21 8 3
0 0 21 9 2
0 0 21 10 1
0 0 21 11 1
0 0 21 12 1
0 0 21 13 1
0 0 21 14 3
0 0 21 15 3
0 0 21 16 2
0 0 21 17 2
0 0 21 18 3
0 0 21 19 2
0 0 21 20 2
0 0 21 21 2
0 0 21 24 3
0 0 21 27 2
0 0 21 28 3
0 0 22 4 3
0 0 22 5 2
0 0 22 8 2
0 0 22 9 3
0 0 22 10 3
0 0 22 11 3
0 0 22 12 1
0 0 22 13 2
0 0 22 14 3
0 0 22 15 2
0 0 22 16 1
0 0 22 17 3
0 0 22 18 3
0 0 22 19 2
0 0 22 20 2
0 0 22 21 1
0 0 22 27 2
0 0 23 4 3
0 0 23 5 2
0 0 23 6 1
0 0 23 7 1
0 0 23 8 2
0 0 23 9 1
0 0 23 10 3
0 0 23 11 3
0 0 23 13 1
0 0 23 14 2
0 0 23 15 2
0 0 23 16 3
0 0 23 17 2
0 0 23 18 2
0 0 23 19 1
0 0 23 20 3
0 0 23 21 2
0 0 23 27 1
0 0 23 29 1
0 0 24 4 3
0 0 24 5 2
0 0 24 6 2
0 0 24 7 3
0 0 24 8 2
0 0 24 9 3
0 0 24 10 2
0 0 24 11 2
0 0 24 12 1
0 0 24 13 3
0 0 24 14 2
0 0 24 15 1
0 0 24 16 2
0 0 24 17 3
0 0 24 18 1
0 0 24 19 1
0 0 24 20 1
0 0 24 21 2
0 0 24 22 3
0 0 24 23 3
0 0 24 24 3
0 0 24 29 2
0 0 25 4 2
0 0 25 8 2
0 0 25 9 3
0 0 25 10 1
0 0 25 11 2
0 0 25 12 3
0 0 25 13 3
0 0 25 14 3
0 0 25 15 3
0 0 25 16 2
0 0 25 17 2
0 0 25 18 3
0 0 25 19 2
0 0 25 20 2
0 0 25 21 3
0 0 25 22 2
0 0 25 23 2
0 0 25 24 2
0 0 25 25 2
0 0 25 26 1
0 0 25 27 3
0 0 25 28 3
0 0 25 29 2
0 0 26 4 1
0 0 26 8 3
0 0 26 9 1
0 0 26 10 3
0 0 26 11 2
0 0 26 12 2
0 0 26 13 2
0 0 26 14 2
0 0 26 15 2
0 0 26 16 1
0 0 26 17 2
0 0 26 18 3
0 0 26 19 2
0 0 26 20 1
0 0 26 21 1
0 0 26 22 2
0 0 26 23 3
0 0 26 24 2
0 0 26 27 1
0 0 26 28 1
0 0 26 29 3
0 0 27 4 3
0 0 27 10 2
0 0 27 11 3
0 0 27 12 2
0 0 27 13 1
0 0 27 14 2
0 0 27 15 2
0 0 27 16 2
0 0 27 17 3
0 0 27 18 1
0 0 27 19 2
0 0 27 20 3
0 0 27 21 3
0 0 27 22 3
0 0 27 23 1
0 0 27 24 3
0 0 27 27 2
0 0 27 28 2
0 0 28 10 2
0 0 28 11 2
0 0 28 12 1
0 0 28 15 3
0 0 28 16 3
0 0 28 17 3
0 0 28 18 2
0 0 28 19 1
0 0 28 20 2
0 0 28 21 2
0 0 28 22 1
0 0 28 23 2
0 0 28 24 1
0 0 28 25 3
0 0 28 26 3
0 0 28 27 2
0 0 28 28 1
0 0 29 10 1
0 0 29 11 1
0 0 29 12 1
0 0 29 17 1
0 0 29 18 1
0 0 29 19 1
0 0 29 20 2
0 0 29 23 1
0 0 29 26 2
0 0 29 27 3
0 0 30 17 1
0 0 30 19 3
0 0 30 20 1
0 0 30 21 2
0 0 30 22 1
0 0 30 26 2
0 0 31 26 1
