0 0 0 11 3
0 0 0 13 2
0 0 1 4 3
0 0 1 6 2
0 0 1 11 3
0 0 1 12 2
0 0 1 13 2
0 0 1 14 3
0 0 1 16 2
0 0 1 21 3
0 0 1 23 2
0 0 1 25 2
0 0 2 3 1
0 0 2 4 3
0 0 2 5 2
0 0 2 6 2
0 0 2 7 3
0 0 2 9 2
0 0 2 10 3
0 0 2 11 2
0 0 2 12 2
0 0 2 13 1
0 0 2 14 2
0 0 2 15 2
0 0 2 16 1
0 0 2 17 3
0 0 2 18 2
0 0 2 19 2
0 0 2 21 2
0 0 2 22 2
0 0 2 23 1
0 0 2 24 3
0 0 2 25 1
0 0 2 26 2
0 0 2 28 2
0 0 3 2 2
0 0 3 3 1
0 0 3 4 3
0 0 3 5 2
0 0 3 6 1
0 0 3 7 2
0 0 3 8 2
0 0 3 9 1
0 0 3 10 3
0 0 3 11 1
0 0 3 12 2
0 0 3 13 3
0 0 3 14 1
0 0 3 15 2
0 0 3 16 3
0 0 3 17 2
0 0 3 18 2
0 0 3 19 1
0 0 3 20 1
0 0 3 21 1
0 0 3 22 2
0 0 3 23 3
0 0 3 24 2
0 0 3 25 2
0 0 3 26 1
0 0 3 27 1
0 0 3 28 1
0 0 3 29 1
0 0 4 2 1
0 0 4 3 2
0 0 4 4 2
0 0 4 5 1
0 0 4 6 3
0 0 4 7 1
0 0 4 8 2
0 0 4 9 3
0 0 4 10 2
0 0 4 11 2
0 0 4 12 1
0 0 4 13 1
0 0 4 14 1
0 0 4 15 2
0 0 4 16 3
0 0 4 17 1
0 0 4 18 2
0 0 4 19 3
0 0 4 20 1
0 0 4 21 1
0 0 4 22 1
0 0 4 23 3
0 0 4 24 1
0 0 4 25 2
0 0 4 26 3
0 0 4 27 3
0 0 4 28 3
0 0 5 1 2
0 0 5 2 3
0 0 5 3 2
0 0 5 4 2
0 0 5 5 1
0 0 5 6 3
0 0 5 7 1
0 0 5 8 2
0 0 5 9 3
0 0 5 10 1
0 0 5 11 2
0 0 5 12 3
0 0 5 13 2
0 0 5 14 1
0 0 5 15 3
0 0 5 16 3
0 0 5 17 1
0 0 5 18 2
0 0 5 19 3
0 0 5 20 2
0 0 5 21 3
0 0 5 22 2
0 0 5 23 3
0 0 5 24 2
0 0 5 25 2
0 0 5 26 1
0 0 5 27 1
0 0 5 28 2
0 0 5 29 3
0 0 5 30 3
0 0 6 1 2
0 0 6 2 1
0 0 6 3 3
0 0 6 4 3
0 0 6 5 2
0 0 6 6 2
0 0 6 13 3
0 0 6 14 2
0 0 6 15 2
0 0 6 16 3
0 0 6 17 2
0 0 6 18 2
0 0 6 19 1
0 0 6 20 1
0 0 6 23 3
0 0 6 24 1
0 0 6 25 2
0 0 6 26 3
0 0 6 27 2
0 0 6 28 2
0 0 6 29 2
0 0 7 1 3
0 0 7 2 2
0 0 7 3 2
0 0 7 4 3
0 0 7 5 2
0 0 7 6 1
0 0 7 13 3
0 0 7 14 2
0 0 7 15 1
0 0 7 16 3
0 0 7 17 1
0 0 7 18 2
0 0 7 19 3
0 0 7 26 3
0 0 7 27 3
0 0 7 28 1
0 0 7 29 2
0 0 7 30 2
0 0 8 0 2
0 0 8 1 3
0 0 8 2 2
0 0 8 3 2
0 0 8 4 1
0 0 8 5 3
0 0 8 6 3
0 0 8 12 2
0 0 8 13 1
0 0 8 14 3
0 0 8 15 3
0 0 8 16 2
0 0 8 17 2
0 0 8 26 1
0 0 8 27 2
0 0 8 28 3
0 0 8 29 3
0 0 9 1 2
0 0 9 2 2
0 0 9 3 3
0 0 9 4 2
0 0 9 5 2
0 0 9 13 2
0 0 9 14 2
0 0 9 16 3
0 0 9 17 1
0 0 9 18 2
0 0 9 26 2
0 0 9 27 2
0 0 9 28 2
0 0 9 29 2
0 0 10 0 3
0 0 10 1 2
0 0 10 2 1
0 0 10 3 3
0 0 10 4 2
0 0 10 5 1
0 0 10 12 3
0 0 10 13 2
0 0 10 14 1
0 0 10 17 1
0 0 10 18 3
0 0 10 26 3
0 0 10 27 1
0 0 10 28 2
0 0 10 29 2
0 0 11 2 1
0 0 11 3 1
0 0 11 4 2
0 0 11 5 3
0 0 11 6 1
0 0 11 11 3
0 0 11 13 2
0 0 11 14 3
0 0 11 15 1
0 0 11 18 1
0 0 11 19 2
0 0 11 20 3
0 0 11 26 2
0 0 11 27 1
0 0 11 28 3
0 0 11 29 3
0 0 12 1 2
0 0 12 2 1
0 0 12 3 3
0 0 12 4 3
0 0 12 5 2
0 0 12 6 1
0 0 12 7 3
0 0 12 11 2
0 0 12 12 2
0 0 12 13 1
0 0 12 14 3
0 0 12 15 1
0 0 12 16 2
0 0 12 18 2
0 0 12 19 2
0 0 12 26 3
0 0 12 27 1
0 0 12 28 1
0 0 12 29 2
0 0 12 30 3
0 0 12 31 3
0 0 13 2 2
0 0 13 3 1
0 0 13 4 2
0 0 13 5 2
0 0 13 6 2
0 0 13 7 2
0 0 13 9 2
0 0 13 10 3
0 0 13 11 1
0 0 13 12 2
0 0 13 13 3
0 0 13 14 2
0 0 13 15 2
0 0 13 16 1
0 0 13 17 1
0 0 13 18 3
0 0 13 19 1
0 0 13 20 2
0 0 13 21 3
0 0 13 23 2
0 0 13 27 3
0 0 13 28 2
0 0 13 29 2
0 0 13 30 2
0 0 14 1 3
0 0 14 2 1
0 0 14 3 1
0 0 14 4 1
0 0 14 5 3
0 0 14 6 2
0 0 14 7 1
0 0 14 8 2
0 0 14 9 1
0 0 14 10 1
0 0 14 12 1
0 0 14 13 3
0 0 14 14 1
0 0 14 15 2
0 0 14 16 3
0 0 14 17 1
0 0 14 18 2
0 0 14 19 3
0 0 14 21 2
0 0 14 22 2
0 0 14 23 1
0 0 14 24 3
0 0 14 25 3
0 0 14 26 2
0 0 14 27 3
0 0 14 28 3
0 0 14 29 1
0 0 14 30 2
0 0 14 31 2
0 0 15 0 2
0 0 15 1 2
0 0 15 2 2
0 0 15 3 1
0 0 15 4 3
0 0 15 5 1
0 0 15 6 3
0 0 15 7 3
0 0 15 8 2
0 0 15 9 3
0 0 15 11 2
0 0 15 12 3
0 0 15 13 2
0 0 15 14 2
0 0 15 15 2
0 0 15 16 1
0 0 15 17 3
0 0 15 18 2
0 0 15 19 2
0 0 15 20 3
0 0 15 21 1
0 0 15 22 2
0 0 15 23 3
0 0 15 24 2
0 0 15 25 2
0 0 15 26 1
0 0 15 27 1
0 0 15 28 2
0 0 15 29 3
0 0 15 30 3
0 0 16 1 2
0 0 16 2 2
0 0 16 3 2
0 0 16 4 2
0 0 16 5 2
0 0 16 6 2
0 0 16 7 1
0 0 16 8 3
0 0 16 11 1
0 0 16 12 1
0 0 16 13 3
0 0 16 14 1
0 0 16 15 2
0 0 16 16 3
0 0 16 17 2
0 0 16 18 2
0 0 16 19 1
0 0 16 20 1
0 0 16 23 3
0 0 16 24 1
0 0 16 25 2
0 0 16 26 3
0 0 16 27 3
0 0 16 28 2
0 0 16 29 2
0 0 16 30 2
0 0 17 0 3
0 0 17 1 3
0 0 17 2 3
0 0 17 3 2
0 0 17 4 1
0 0 17 5 2
0 0 17 6 1
0 0 17 7 1
0 0 17 8 3
0 0 17 9 2
0 0 17 10 1
0 0 17 11 3
0 0 17 12 2
0 0 17 13 1
0 0 17 14 1
0 0 17 15 1
0 0 17 16 3
0 0 17 17 1
0 0 17 18 2
0 0 17 19 3
0 0 17 22 3
0 0 17 23 2
0 0 17 24 3
0 0 17 25 3
0 0 17 26 1
0 0 17 27 1
0 0 17 28 2
0 0 17 29 3
0 0 17 30 2
0 0 18 0 2
0 0 18 1 2
0 0 18 2 1
0 0 18 3 3
0 0 18 4 3
0 0 18 5 2
0 0 18 6 3
0 0 18 7 3
0 0 18 8 1
0 0 18 9 2
0 0 18 10 2
0 0 18 11 1
0 0 18 12 3
0 0 18 13 3
0 0 18 14 2
0 0 18 15 3
0 0 18 16 2
0 0 18 17 1
0 0 18 18 3
0 0 18 21 1
0 0 18 22 1
0 0 18 23 2
0 0 18 24 1
0 0 18 25 2
0 0 18 26 3
0 0 18 27 2
0 0 18 28 2
0 0 18 29 1
0 0 19 1 2
0 0 19 2 2
0 0 19 3 2
0 0 19 4 3
0 0 19 8 2
0 0 19 10 3
0 0 19 11 2
0 0 19 12 2
0 0 19 14 1
0 0 19 15 1
0 0 19 16 2
0 0 19 17 2
0 0 19 18 3
0 0 19 19 2
0 0 19 20 1
0 0 19 21 3
0 0 19 22 2
0 0 19 24 2
0 0 19 25 2
0 0 19 26 3
0 0 19 27 3
0 0 19 28 1
0 0 19 29 2
0 0 20 0 3
0 0 20 1 3
0 0 20 2 2
0 0 20 3 1
0 0 20 4 2
0 0 20 10 3
0 0 20 11 2
0 0 20 12 1
0 0 20 15 2
0 0 20 16 3
0 0 20 17 3
0 0 20 18 1
0 0 20 19 2
0 0 20 20 2
0 0 20 24 3
0 0 20 25 1
0 0 20 26 1
0 0 20 27 2
0 0 20 28 3
0 0 21 2 3
0 0 21 3 3
0 0 21 4 1
0 0 21 12 3
0 0 21 13 1
0 0 21 16 1
0 0 21 17 2
0 0 21 18 2
0 0 21 20 3
0 0 21 25 1
0 0 21 26 2
0 0 21 27 2
0 0 21 28 1
0 0 21 29 2
0 0 21 30 3
0 0 22 1 2
0 0 22 2 2
0 0 22 3 2
0 0 22 4 1
0 0 22 5 3
0 0 22 12 2
0 0 22 13 1
0 0 22 14 3
0 0 22 16 2
0 0 22 17 2
0 0 22 26 3
0 0 22 27 1
0 0 22 28 2
0 0 22 29 2
0 0 23 2 2
0 0 23 3 2
0 0 23 4 2
0 0 23 5 2
0 0 23 13 2
0 0 23 14 2
0 0 23 15 3
0 0 23 16 3
0 0 23 17 1
0 0 23 18 2
0 0 23 26 2
0 0 23 27 1
0 0 23 28 3
0 0 23 29 1
0 0 23 30 2
0 0 24 1 3
0 0 24 2 3
0 0 24 3 3
0 0 24 4 2
0 0 24 5 1
0 0 24 11 3
0 0 24 12 2
0 0 24 13 1
0 0 24 14 3
0 0 24 15 1
0 0 24 16 1
0 0 24 17 3
0 0 24 25 3
0 0 24 26 3
0 0 24 27 1
0 0 24 28 1
0 0 24 29 2
0 0 24 30 3
0 0 25 1 2
0 0 25 2 2
0 0 25 3 1
0 0 25 4 3
0 0 25 5 3
0 0 25 6 1
0 0 25 7 3
0 0 25 10 1
0 0 25 11 1
0 0 25 12 2
0 0 25 13 2
0 0 25 14 3
0 0 25 15 2
0 0 25 16 1
0 0 25 17 3
0 0 25 25 1
0 0 25 26 2
0 0 25 27 3
0 0 25 28 2
0 0 25 29 2
0 0 26 2 2
0 0 26 3 2
0 0 26 4 2
0 0 26 5 2
0 0 26 6 2
0 0 26 7 3
0 0 26 8 2
0 0 26 9 1
0 0 26 10 3
0 0 26 11 2
0 0 26 12 2
0 0 26 13 3
0 0 26 14 1
0 0 26 15 2
0 0 26 16 2
0 0 26 17 2
0 0 26 21 3
0 0 26 22 2
0 0 26 23 1
0 0 26 24 3
0 0 26 25 2
0 0 26 26 2
0 0 26 27 3
0 0 26 28 3
0 0 26 29 1
0 0 26 30 2
0 0 27 1 3
0 0 27 2 3
0 0 27 3 2
0 0 27 4 1
0 0 27 5 3
0 0 27 6 3
0 0 27 7 1
0 0 27 8 2
0 0 27 9 2
0 0 27 10 2
0 0 27 11 3
0 0 27 12 3
0 0 27 13 2
0 0 27 14 1
0 0 27 15 3
0 0 27 16 1
0 0 27 17 3
0 0 27 19 3
0 0 27 20 2
0 0 27 21 1
0 0 27 22 3
0 0 27 23 2
0 0 27 24 3
0 0 27 25 3
0 0 27 26 1
0 0 27 27 1
0 0 27 28 2
0 0 27 29 3
0 0 28 1 1
0 0 28 2 1
0 0 28 3 3
0 0 28 4 3
0 0 28 5 3
0 0 28 6 2
0 0 28 7 1
0 0 28 8 3
0 0 28 9 3
0 0 28 11 1
0 0 28 12 1
0 0 28 13 2
0 0 28 14 2
0 0 28 15 3
0 0 28 16 2
0 0 28 17 1
0 0 28 18 3
0 0 28 19 1
0 0 28 20 2
0 0 28 21 2
0 0 28 22 3
0 0 28 23 2
0 0 28 24 1
0 0 28 25 3
0 0 28 26 1
0 0 28 27 2
0 0 28 28 2
0 0 29 2 2
0 0 29 4 1
0 0 29 5 1
0 0 29 6 2
0 0 29 7 2
0 0 29 8 3
0 0 29 9 2
0 0 29 10 1
0 0 29 11 3
0 0 29 12 2
0 0 29 13 2
0 0 29 14 3
0 0 29 15 1
0 0 29 16 2
0 0 29 17 2
0 0 29 18 3
0 0 29 19 2
0 0 29 20 3
0 0 29 21 3
0 0 29 22 1
0 0 29 23 2
0 0 29 24 2
0 0 29 25 2
0 0 29 26 3
0 0 29 27 3
0 0 29 28 1
0 0 29 29 2
0 0 30 5 2
0 0 30 7 3
0 0 30 8 1
0 0 30 9 2
0 0 30 10 2
0 0 30 12 2
0 0 30 14 3
0 0 30 15 2
0 0 30 16 2
0 0 30 17 3
0 0 30 18 2
0 0 30 19 3
0 0 30 22 2
0 0 30 24 3
0 0 30 26 3
0 0 30 28 1
0 0 31 8 2
0 0 31 10 3
0 0 31 15 2
0 0 31 17 3
0 0 31 19 3
