0 0 0 11 3
0 0 0 12 1
0 0 1 11 2
0 0 1 26 3
0 0 1 27 1
0 0 2 11 4
0 0 2 26 2
0 0 3 11 4
0 0 3 12 2
0 0 3 13 3
0 0 3 14 1
0 0 3 25 3
0 0 3 26 4
0 0 4 12 1
0 0 4 13 1
0 0 4 14 3
0 0 4 18 3
0 0 4 19 1
0 0 4 22 1
0 0 4 23 3
0 0 4 25 2
0 0 4 26 2
0 0 4 27 2
0 0 4 28 3
0 0 4 29 1
0 0 5 3 3
0 0 5 10 4
0 0 5 11 1
0 0 5 12 4
0 0 5 13 1
0 0 5 18 2
0 0 5 22 3
0 0 5 23 1
0 0 5 24 1
0 0 5 25 3
0 0 5 27 1
0 0 5 28 1
0 0 5 29 3
0 0 6 3 3
0 0 6 4 1
0 0 6 5 3
0 0 6 10 4
0 0 6 12 3
0 0 6 13 1
0 0 6 14 2
0 0 6 15 3
0 0 6 18 4
0 0 6 19 1
0 0 6 22 2
0 0 6 23 1
0 0 6 24 4
0 0 6 25 4
0 0 6 26 1
0 0 6 27 4
0 0 6 28 1
0 0 7 3 4
0 0 7 4 3
0 0 7 9 4
0 0 7 10 1
0 0 7 12 2
0 0 7 13 4
0 0 7 14 4
0 0 7 15 4
0 0 7 16 2
0 0 7 17 3
0 0 7 18 4
0 0 7 19 3
0 0 7 20 2
0 0 7 21 4
0 0 7 22 4
0 0 7 24 1
0 0 7 27 3
0 0 7 28 3
0 0 7 29 2
0 0 7 30 3
0 0 8 4 3
0 0 8 5 1
0 0 8 6 3
0 0 8 10 4
0 0 8 11 1
0 0 8 12 4
0 0 8 13 1
0 0 8 14 2
0 0 8 15 4
0 0 8 16 3
0 0 8 17 1
0 0 8 18 4
0 0 8 19 1
0 0 8 20 1
0 0 8 21 3
0 0 8 22 3
0 0 8 23 1
0 0 8 24 4
0 0 8 27 2
0 0 8 30 1
0 0 9 4 1
0 0 9 10 4
0 0 9 11 3
0 0 9 12 3
0 0 9 13 1
0 0 9 14 2
0 0 9 15 1
0 0 9 16 1
0 0 9 17 4
0 0 9 18 1
0 0 9 19 1
0 0 9 20 4
0 0 9 21 4
0 0 9 22 2
0 0 9 23 3
0 0 9 26 3
0 0 9 27 4
0 0 10 4 3
0 0 10 5 2
0 0 10 6 3
0 0 10 9 1
0 0 10 10 3
0 0 10 11 2
0 0 10 12 1
0 0 10 13 2
0 0 10 14 2
0 0 10 15 3
0 0 10 16 3
0 0 10 18 4
0 0 10 19 1
0 0 10 20 2
0 0 10 21 3
0 0 10 22 4
0 0 10 23 1
0 0 10 24 3
0 0 10 25 3
0 0 10 26 2
0 0 10 27 2
0 0 10 28 2
0 0 10 29 3
0 0 10 30 1
0 0 11 4 3
0 0 11 6 1
0 0 11 7 4
0 0 11 8 1
0 0 11 9 3
0 0 11 10 1
0 0 11 11 1
0 0 11 12 2
0 0 11 13 2
0 0 11 14 1
0 0 11 15 1
0 0 11 17 1
0 0 11 18 1
0 0 11 19 3
0 0 11 20 3
0 0 11 21 2
0 0 11 22 4
0 0 11 23 2
0 0 11 24 3
0 0 11 25 1
0 0 11 26 3
0 0 11 28 1
0 0 11 29 1
0 0 11 30 3
0 0 12 4 3
0 0 12 5 1
0 0 12 6 1
0 0 12 7 1
0 0 12 9 2
0 0 12 10 1
0 0 12 11 4
0 0 12 12 3
0 0 12 13 2
0 0 12 14 3
0 0 12 15 2
0 0 12 16 3
0 0 12 17 2
0 0 12 18 3
0 0 12 19 1
0 0 12 20 1
0 0 12 21 3
0 0 12 22 1
0 0 12 23 1
0 0 12 24 1
0 0 12 25 3
0 0 12 26 4
0 0 12 27 1
0 0 12 28 4
0 0 12 29 1
0 0 13 4 4
0 0 13 5 3
0 0 13 6 3
0 0 13 7 2
0 0 13 8 4
0 0 13 9 2
0 0 13 10 4
0 0 13 11 1
0 0 13 12 1
0 0 13 13 1
0 0 13 14 1
0 0 13 15 1
0 0 13 16 3
0 0 13 17 4
0 0 13 18 2
0 0 13 19 3
0 0 13 20 1
0 0 13 21 4
0 0 13 22 1
0 0 13 23 4
0 0 13 24 1
0 0 13 25 1
0 0 13 26 1
0 0 13 29 3
0 0 13 30 2
0 0 13 31 3
0 0 14 5 3
0 0 14 6 1
0 0 14 7 3
0 0 14 8 3
0 0 14 9 2
0 0 14 10 3
0 0 14 11 4
0 0 14 12 1
0 0 14 13 3
0 0 14 14 3
0 0 14 15 3
0 0 14 16 1
0 0 14 17 3
0 0 14 18 4
0 0 14 19 2
0 0 14 20 1
0 0 14 21 1
0 0 14 22 3
0 0 14 23 3
0 0 14 24 3
0 0 14 25 2
0 0 14 26 3
0 0 14 31 1
0 0 15 5 1
0 0 15 8 2
0 0 15 10 1
0 0 15 11 4
0 0 15 12 1
0 0 15 13 4
0 0 15 14 1
0 0 15 15 3
0 0 15 16 3
0 0 15 17 1
0 0 15 18 1
0 0 15 19 3
0 0 15 20 4
0 0 15 21 2
0 0 15 22 3
0 0 15 23 2
0 0 15 25 4
0 0 15 26 1
0 0 16 0 1
0 0 16 5 3
0 0 16 6 2
0 0 16 7 3
0 0 16 8 3
0 0 16 9 3
0 0 16 10 1
0 0 16 11 1
0 0 16 12 2
0 0 16 13 1
0 0 16 14 3
0 0 16 15 4
0 0 16 16 2
0 0 16 17 1
0 0 16 18 4
0 0 16 19 1
0 0 16 20 4
0 0 16 21 4
0 0 16 22 3
0 0 16 23 4
0 0 16 24 3
0 0 16 25 1
0 0 16 26 3
0 0 16 27 3
0 0 16 28 1
0 0 17 0 3
0 0 17 1 2
0 0 17 2 3
0 0 17 6 1
0 0 17 7 1
0 0 17 8 4
0 0 17 9 1
0 0 17 10 3
0 0 17 11 2
0 0 17 12 4
0 0 17 13 3
0 0 17 14 2
0 0 17 15 4
0 0 17 16 4
0 0 17 17 4
0 0 17 18 1
0 0 17 19 1
0 0 17 20 1
0 0 17 21 4
0 0 17 22 2
0 0 17 23 4
0 0 17 24 2
0 0 17 25 3
0 0 17 26 3
0 0 17 27 4
0 0 17 28 3
0 0 18 2 1
0 0 18 3 4
0 0 18 4 1
0 0 18 5 4
0 0 18 6 3
0 0 18 7 1
0 0 18 8 1
0 0 18 10 2
0 0 18 11 1
0 0 18 12 4
0 0 18 13 3
0 0 18 14 2
0 0 18 15 3
0 0 18 16 2
0 0 18 17 3
0 0 18 18 4
0 0 18 19 3
0 0 18 20 4
0 0 18 21 1
0 0 18 22 3
0 0 18 24 1
0 0 18 25 3
0 0 18 26 1
0 0 18 27 3
0 0 19 1 3
0 0 19 2 1
0 0 19 3 1
0 0 19 5 3
0 0 19 6 1
0 0 19 7 3
0 0 19 8 2
0 0 19 9 4
0 0 19 10 2
0 0 19 12 2
0 0 19 13 1
0 0 19 14 1
0 0 19 16 1
0 0 19 17 1
0 0 19 18 4
0 0 19 19 1
0 0 19 20 4
0 0 19 21 1
0 0 19 22 4
0 0 19 23 1
0 0 19 24 4
0 0 19 25 1
0 0 19 26 4
0 0 19 27 3
0 0 19 28 2
0 0 19 29 3
0 0 20 1 1
0 0 20 2 3
0 0 20 3 2
0 0 20 4 2
0 0 20 5 2
0 0 20 7 3
0 0 20 8 1
0 0 20 9 3
0 0 20 10 2
0 0 20 11 1
0 0 20 12 3
0 0 20 13 4
0 0 20 14 4
0 0 20 15 3
0 0 20 16 3
0 0 20 17 1
0 0 20 18 1
0 0 20 19 4
0 0 20 20 2
0 0 20 21 1
0 0 20 22 1
0 0 20 24 1
0 0 20 25 3
0 0 20 26 2
0 0 20 27 3
0 0 20 28 2
0 0 20 29 4
0 0 20 30 2
0 0 20 31 3
0 0 21 4 4
0 0 21 5 3
0 0 21 9 3
0 0 21 10 1
0 0 21 11 1
0 0 21 12 4
0 0 21 13 1
0 0 21 14 4
0 0 21 15 1
0 0 21 16 1
0 0 21 17 3
0 0 21 18 2
0 0 21 19 4
0 0 21 20 3
0 0 21 21 4
0 0 21 22 2
0 0 21 24 2
0 0 21 26 4
0 0 21 27 1
0 0 21 28 2
0 0 21 31 1
0 0 22 1 1
0 0 22 4 2
0 0 22 7 4
0 0 22 8 1
0 0 22 9 1
0 0 22 10 3
0 0 22 11 1
0 0 22 12 1
0 0 22 13 2
0 0 22 14 1
0 0 22 15 3
0 0 22 16 4
0 0 22 17 2
0 0 22 18 1
0 0 22 19 4
0 0 22 20 1
0 0 22 21 4
0 0 22 22 1
0 0 22 24 2
0 0 22 25 3
0 0 22 26 1
0 0 22 27 3
0 0 22 28 3
0 0 23 1 3
0 0 23 2 2
0 0 23 3 3
0 0 23 4 3
0 0 23 7 1
0 0 23 9 4
0 0 23 10 1
0 0 23 11 3
0 0 23 12 2
0 0 23 13 4
0 0 23 14 3
0 0 23 15 2
0 0 23 16 4
0 0 23 17 4
0 0 23 18 4
0 0 23 19 2
0 0 23 21 1
0 0 23 22 4
0 0 23 23 2
0 0 23 24 2
0 0 23 25 1
0 0 23 27 3
0 0 23 28 4
0 0 24 3 1
0 0 24 4 4
0 0 24 5 1
0 0 24 6 4
0 0 24 7 4
0 0 24 8 1
0 0 24 9 2
0 0 24 12 2
0 0 24 13 4
0 0 24 16 3
0 0 24 17 2
0 0 24 18 1
0 0 24 19 3
0 0 24 21 4
0 0 24 23 2
0 0 24 24 1
0 0 24 25 3
0 0 24 26 3
0 0 24 27 1
0 0 24 28 3
0 0 25 2 3
0 0 25 3 1
0 0 25 4 1
0 0 25 6 3
0 0 25 7 1
0 0 25 8 1
0 0 25 9 3
0 0 25 11 1
0 0 25 12 3
0 0 25 13 2
0 0 25 18 1
0 0 25 19 4
0 0 25 20 1
0 0 25 21 4
0 0 25 28 3
0 0 26 2 1
0 0 26 3 3
0 0 26 4 2
0 0 26 5 2
0 0 26 6 2
0 0 26 8 3
0 0 26 9 1
0 0 26 11 2
0 0 26 12 1
0 0 26 13 3
0 0 26 17 3
0 0 26 18 1
0 0 26 19 1
0 0 27 5 4
0 0 27 6 3
0 0 27 9 1
0 0 27 10 2
0 0 27 11 2
0 0 27 12 2
0 0 27 17 1
0 0 27 18 3
0 0 27 19 2
0 0 27 20 4
0 0 28 5 2
0 0 28 12 2
0 0 28 13 2
0 0 28 20 4
0 0 29 4 1
0 0 29 5 3
0 0 29 10 2
0 0 29 11 1
0 0 29 12 3
0 0 29 20 2
0 0 30 19 1
0 0 30 20 3
