0 0 0 6 1
0 0 0 7 1
0 0 0 8 2
0 0 0 12 1
0 0 0 13 2
0 0 1 4 1
0 0 1 5 2
0 0 1 6 2
0 0 1 7 2
0 0 1 9 1
0 0 1 10 1
0 0 1 11 1
0 0 1 12 2
0 0 1 13 1
0 0 1 15 1
0 0 1 16 2
0 0 1 17 1
0 0 1 18 1
0 0 2 5 2
0 0 2 6 1
0 0 2 7 2
0 0 2 8 1
0 0 2 9 1
0 0 2 10 2
0 0 2 11 1
0 0 2 12 2
0 0 2 13 1
0 0 2 15 2
0 0 2 17 2
0 0 2 18 2
0 0 2 20 2
0 0 3 5 1
0 0 3 6 1
0 0 3 7 1
0 0 3 8 2
0 0 3 9 1
0 0 3 10 1
0 0 3 11 2
0 0 3 12 2
0 0 3 13 2
0 0 3 14 1
0 0 3 15 1
0 0 3 16 2
0 0 3 17 1
0 0 3 18 1
0 0 3 20 1
0 0 3 21 2
0 0 3 22 1
0 0 4 2 1
0 0 4 3 1
0 0 4 4 2
0 0 4 5 1
0 0 4 6 1
0 0 4 7 1
0 0 4 8 2
0 0 4 9 1
0 0 4 10 1
0 0 4 11 1
0 0 4 12 2
0 0 4 13 1
0 0 4 16 2
0 0 4 17 2
0 0 4 18 1
0 0 4 19 1
0 0 4 20 2
0 0 4 21 2
0 0 4 22 2
0 0 5 2 2
0 0 5 3 2
0 0 5 4 2
0 0 5 5 2
0 0 5 6 1
0 0 5 7 2
0 0 5 9 2
0 0 5 10 2
0 0 5 11 1
0 0 5 13 1
0 0 5 14 1
0 0 5 15 1
0 0 5 16 2
0 0 5 17 1
0 0 5 18 2
0 0 5 19 2
0 0 5 21 1
0 0 5 22 1
0 0 6 2 1
0 0 6 3 1
0 0 6 4 2
0 0 6 5 1
0 0 6 6 1
0 0 6 7 2
0 0 6 8 2
0 0 6 9 1
0 0 6 10 2
0 0 6 11 2
0 0 6 12 1
0 0 6 13 1
0 0 6 14 2
0 0 6 15 2
0 0 6 16 2
0 0 6 17 1
0 0 6 18 1
0 0 6 19 2
0 0 6 20 1
0 0 6 21 1
0 0 6 22 2
0 0 7 4 1
0 0 7 5 2
0 0 7 6 1
0 0 7 7 2
0 0 7 8 1
0 0 7 10 1
0 0 7 11 2
0 0 7 12 2
0 0 7 13 2
0 0 7 14 2
0 0 7 15 1
0 0 7 16 1
0 0 7 17 2
0 0 7 19 1
0 0 7 20 2
0 0 7 21 1
0 0 7 22 1
0 0 8 3 1
0 0 8 4 1
0 0 8 5 2
0 0 8 6 1
0 0 8 7 2
0 0 8 10 1
0 0 8 11 2
0 0 8 12 1
0 0 8 13 2
0 0 8 14 1
0 0 8 15 1
0 0 8 16 2
0 0 8 17 1
0 0 8 18 1
0 0 8 19 1
0 0 8 20 2
0 0 8 21 1
0 0 9 4 2
0 0 9 5 2
0 0 9 6 2
0 0 9 7 1
0 0 9 8 1
0 0 9 10 1
0 0 9 11 1
0 0 9 12 1
0 0 9 13 1
0 0 9 14 2
0 0 9 15 1
0 0 9 16 2
0 0 9 17 2
0 0 9 18 1
0 0 9 19 2
0 0 9 20 2
0 0 9 21 2
0 0 10 4 2
0 0 10 5 2
0 0 10 6 1
0 0 10 8 1
0 0 10 9 2
0 0 10 10 2
0 0 10 11 1
0 0 10 12 2
0 0 10 13 2
0 0 10 14 2
0 0 10 15 1
0 0 10 16 2
0 0 10 17 2
0 0 10 18 1
0 0 10 19 2
0 0 10 20 2
0 0 10 21 1
0 0 11 4 2
0 0 11 5 1
0 0 11 8 2
0 0 11 9 1
0 0 11 10 2
0 0 11 11 2
0 0 11 12 1
0 0 11 13 1
0 0 11 14 1
0 0 11 15 2
0 0 11 16 2
0 0 11 17 2
0 0 11 18 1
0 0 11 19 2
0 0 11 20 1
0 0 11 22 1
0 0 11 23 1
0 0 11 24 2
0 0 12 8 1
0 0 12 9 1
0 0 12 10 2
0 0 12 11 1
0 0 12 13 1
0 0 12 14 2
0 0 12 15 1
0 0 12 16 2
0 0 12 17 1
0 0 12 18 1
0 0 12 19 1
0 0 12 20 2
0 0 12 21 1
0 0 12 22 2
0 0 12 23 1
0 0 12 24 1
0 0 12 25 2
0 0 12 26 1
0 0 13 10 2
0 0 13 13 1
0 0 13 14 2
0 0 13 15 1
0 0 13 16 2
0 0 13 17 1
0 0 13 18 2
0 0 13 19 2
0 0 13 20 1
0 0 13 21 2
0 0 13 22 1
0 0 13 23 2
0 0 13 24 2
0 0 13 25 1
0 0 13 26 1
0 0 13 27 1
0 0 14 12 1
0 0 14 13 2
0 0 14 14 2
0 0 14 15 1
0 0 14 16 1
0 0 14 17 1
0 0 14 18 1
0 0 14 19 2
0 0 14 20 2
0 0 14 21 1
0 0 14 22 1
0 0 14 23 1
0 0 14 24 2
0 0 14 25 1
0 0 14 26 1
0 0 14 27 2
0 0 15 9 1
0 0 15 10 1
0 0 15 11 2
0 0 15 12 2
0 0 15 13 1
0 0 15 14 2
0 0 15 15 1
0 0 15 16 2
0 0 15 17 2
0 0 15 18 2
0 0 15 19 2
0 0 15 20 1
0 0 15 21 1
0 0 15 22 2
0 0 15 23 2
0 0 15 24 1
0 0 15 25 2
0 0 15 26 1
0 0 15 27 1
0 0 16 7 1
0 0 16 8 1
0 0 16 9 2
0 0 16 10 2
0 0 16 12 1
0 0 16 13 2
0 0 16 14 1
0 0 16 15 1
0 0 16 16 1
0 0 16 17 1
0 0 16 18 2
0 0 16 19 1
0 0 16 20 1
0 0 16 21 2
0 0 16 22 1
0 0 16 23 1
0 0 16 24 1
0 0 16 25 2
0 0 16 26 1
0 0 17 7 2
0 0 17 8 2
0 0 17 9 1
0 0 17 10 1
0 0 17 11 1
0 0 17 12 1
0 0 17 13 2
0 0 17 14 1
0 0 17 15 2
0 0 17 16 1
0 0 17 17 2
0 0 17 18 1
0 0 17 19 2
0 0 17 20 1
0 0 17 21 2
0 0 17 22 2
0 0 17 23 1
0 0 17 24 2
0 0 17 25 1
0 0 17 26 2
0 0 18 7 1
0 0 18 8 2
0 0 18 10 1
0 0 18 11 2
0 0 18 12 1
0 0 18 13 1
0 0 18 14 1
0 0 18 15 2
0 0 18 16 1
0 0 18 17 1
0 0 18 18 1
0 0 18 19 2
0 0 18 20 1
0 0 18 21 2
0 0 18 22 1
0 0 18 23 1
0 0 18 24 2
0 0 18 25 2
0 0 18 26 1
0 0 19 8 1
0 0 19 9 2
0 0 19 10 1
0 0 19 11 1
0 0 19 12 1
0 0 19 13 2
0 0 19 14 2
0 0 19 15 2
0 0 19 16 2
0 0 19 17 1
0 0 19 18 2
0 0 19 19 2
0 0 19 20 2
0 0 19 21 1
0 0 19 22 2
0 0 19 23 1
0 0 19 24 2
0 0 19 25 1
0 0 20 3 1
0 0 20 4 1
0 0 20 5 2
0 0 20 6 1
0 0 20 7 1
0 0 20 8 1
0 0 20 9 1
0 0 20 10 1
0 0 20 11 2
0 0 20 12 1
0 0 20 13 1
0 0 20 14 1
0 0 20 15 2
0 0 20 16 1
0 0 20 18 2
0 0 20 19 2
0 0 20 20 1
0 0 20 21 1
0 0 20 22 2
0 0 20 23 1
0 0 20 24 2
0 0 20 25 1
0 0 21 3 2
0 0 21 4 2
0 0 21 5 2
0 0 21 6 2
0 0 21 7 1
0 0 21 8 2
0 0 21 9 2
0 0 21 10 2
0 0 21 12 2
0 0 21 14 2
0 0 21 15 2
0 0 21 16 2
0 0 21 18 2
0 0 21 19 1
0 0 21 20 2
0 0 21 21 2
0 0 21 22 2
0 0 21 23 2
0 0 21 24 1
0 0 21 25 1
0 0 21 26 2
0 0 21 27 1
0 0 21 28 1
0 0 21 29 2
0 0 21 30 1
0 0 22 2 2
0 0 22 3 1
0 0 22 4 1
0 0 22 5 2
0 0 22 6 1
0 0 22 7 1
0 0 22 8 2
0 0 22 9 1
0 0 22 10 1
0 0 22 11 2
0 0 22 12 1
0 0 22 14 2
0 0 22 15 2
0 0 22 16 1
0 0 22 20 1
0 0 22 21 2
0 0 22 22 2
0 0 22 23 1
0 0 22 24 1
0 0 22 25 1
0 0 22 26 1
0 0 22 27 1
0 0 22 28 1
0 0 22 29 2
0 0 22 30 1
0 0 23 2 1
0 0 23 3 2
0 0 23 4 2
0 0 23 5 1
0 0 23 6 2
0 0 23 7 1
0 0 23 8 2
0 0 23 9 1
0 0 23 14 2
0 0 23 15 1
0 0 23 20 1
0 0 23 21 2
0 0 23 22 1
0 0 23 24 2
0 0 23 25 2
0 0 23 26 2
0 0 23 27 2
0 0 23 28 2
0 0 23 30 2
0 0 23 31 1
0 0 24 3 1
0 0 24 4 1
0 0 24 5 1
0 0 24 6 2
0 0 24 7 1
0 0 24 8 2
0 0 24 9 1
0 0 24 11 1
0 0 24 12 2
0 0 24 13 1
0 0 24 21 1
0 0 24 22 2
0 0 24 24 1
0 0 24 25 2
0 0 24 26 2
0 0 24 27 1
0 0 24 28 1
0 0 24 29 2
0 0 24 30 2
0 0 24 31 2
0 0 25 4 1
0 0 25 5 2
0 0 25 6 2
0 0 25 7 2
0 0 25 8 1
0 0 25 9 1
0 0 25 10 1
0 0 25 11 2
0 0 25 12 2
0 0 25 13 1
0 0 25 22 2
0 0 25 24 1
0 0 25 25 2
0 0 25 26 1
0 0 25 27 1
0 0 25 28 1
0 0 25 29 1
0 0 26 4 1
0 0 26 5 2
0 0 26 6 2
0 0 26 7 1
0 0 26 9 2
0 0 26 10 2
0 0 26 13 2
0 0 26 19 2
0 0 26 20 2
0 0 26 21 1
0 0 26 22 1
0 0 26 23 1
0 0 26 24 2
0 0 26 25 2
0 0 26 26 1
0 0 26 28 1
0 0 26 29 2
0 0 26 30 1
0 0 27 5 2
0 0 27 6 2
0 0 27 7 1
0 0 27 8 2
0 0 27 9 1
0 0 27 10 1
0 0 27 11 1
0 0 27 12 1
0 0 27 19 1
0 0 27 20 2
0 0 27 21 1
0 0 27 23 2
0 0 27 24 2
0 0 27 25 2
0 0 27 26 1
0 0 27 27 1
0 0 27 28 2
0 0 27 29 2
0 0 27 30 2
0 0 28 10 1
0 0 28 11 2
0 0 28 12 1
0 0 28 21 2
0 0 28 23 1
0 0 28 24 2
0 0 28 25 2
0 0 28 26 2
0 0 28 27 2
0 0 28 28 1
0 0 28 29 2
0 0 28 30 1
0 0 29 24 1
0 0 29 25 2
0 0 29 26 1
0 0 29 27 1
0 0 29 28 1
0 0 29 29 2
0 0 29 30 1
0 0 30 25 1
0 0 30 26 2
0 0 30 27 1
0 0 30 28 2
0 0 30 29 1
0 0 31 25 1
