0 0 0 1 3
0 0 0 24 2
0 0 0 25 2
0 0 0 26 1
0 0 0 29 2
0 0 1 1 2
0 0 1 2 3
0 0 1 3 3
0 0 1 7 1
0 0 1 20 2
0 0 1 25 1
0 0 1 26 1
0 0 1 27 2
0 0 1 28 2
0 0 1 29 2
0 0 1 30 3
0 0 2 1 2
0 0 2 2 3
0 0 2 3 3
0 0 2 5 3
0 0 2 6 2
0 0 2 7 3
0 0 2 20 3
0 0 2 24 1
0 0 2 25 3
0 0 2 26 3
0 0 2 27 3
0 0 2 28 1
0 0 2 29 3
0 0 2 30 3
0 0 3 1 2
0 0 3 2 3
0 0 3 3 1
0 0 3 4 3
0 0 3 5 1
0 0 3 6 1
0 0 3 7 3
0 0 3 12 1
0 0 3 14 2
0 0 3 17 2
0 0 3 18 2
0 0 3 19 1
0 0 3 20 3
0 0 3 21 3
0 0 3 22 2
0 0 3 23 1
0 0 3 24 2
0 0 3 25 3
0 0 3 26 2
0 0 3 27 2
0 0 3 28 2
0 0 3 29 2
0 0 3 30 3
0 0 4 0 1
0 0 4 1 1
0 0 4 2 3
0 0 4 3 2
0 0 4 4 1
0 0 4 5 2
0 0 4 6 3
0 0 4 7 1
0 0 4 8 3
0 0 4 9 3
0 0 4 10 1
0 0 4 11 3
0 0 4 12 2
0 0 4 13 1
0 0 4 14 2
0 0 4 18 1
0 0 4 19 3
0 0 4 20 3
0 0 4 22 1
0 0 4 23 3
0 0 4 24 2
0 0 4 25 1
0 0 4 26 1
0 0 4 27 3
0 0 4 28 1
0 0 4 29 3
0 0 5 0 2
0 0 5 1 1
0 0 5 2 3
0 0 5 3 2
0 0 5 4 1
0 0 5 5 1
0 0 5 10 3
0 0 5 11 1
0 0 5 12 1
0 0 5 13 3
0 0 5 14 1
0 0 5 15 2
0 0 5 17 1
0 0 5 18 2
0 0 5 19 1
0 0 5 20 3
0 0 5 21 3
0 0 5 22 2
0 0 5 23 2
0 0 5 24 2
0 0 5 25 1
0 0 5 26 2
0 0 5 27 3
0 0 5 28 3
0 0 6 0 2
0 0 6 2 1
0 0 6 3 3
0 0 6 5 2
0 0 6 6 2
0 0 6 7 1
0 0 6 8 1
0 0 6 9 3
0 0 6 10 3
0 0 6 11 3
0 0 6 12 2
0 0 6 13 1
0 0 6 14 3
0 0 6 15 1
0 0 6 16 3
0 0 6 17 2
0 0 6 18 3
0 0 6 19 1
0 0 6 21 3
0 0 6 22 3
0 0 6 23 1
0 0 6 24 2
0 0 6 25 1
0 0 6 26 1
0 0 6 27 1
0 0 6 28 2
0 0 6 29 3
0 0 6 30 1
0 0 7 3 2
0 0 7 4 2
0 0 7 5 2
0 0 7 6 1
0 0 7 7 2
0 0 7 8 3
0 0 7 9 2
0 0 7 10 1
0 0 7 11 2
0 0 7 12 1
0 0 7 13 3
0 0 7 14 3
0 0 7 15 2
0 0 7 16 1
0 0 7 17 1
0 0 7 18 1
0 0 7 19 3
0 0 7 20 3
0 0 7 21 1
0 0 7 22 1
0 0 7 23 2
0 0 7 24 1
0 0 7 25 1
0 0 7 26 2
0 0 7 27 3
0 0 7 28 3
0 0 8 4 1
0 0 8 5 3
0 0 8 6 1
0 0 8 7 1
0 0 8 8 3
0 0 8 10 3
0 0 8 11 1
0 0 8 12 3
0 0 8 13 2
0 0 8 14 2
0 0 8 15 2
0 0 8 16 3
0 0 8 17 3
0 0 8 18 3
0 0 8 19 1
0 0 8 20 2
0 0 8 21 1
0 0 8 22 2
0 0 8 23 3
0 0 8 24 1
0 0 8 26 1
0 0 8 28 2
0 0 9 3 3
0 0 9 4 2
0 0 9 5 1
0 0 9 6 2
0 0 9 7 3
0 0 9 8 2
0 0 9 9 2
0 0 9 10 1
0 0 9 11 3
0 0 9 12 2
0 0 9 13 2
0 0 9 14 1
0 0 9 15 3
0 0 9 16 2
0 0 9 17 1
0 0 9 18 3
0 0 9 19 1
0 0 9 20 3
0 0 9 21 1
0 0 9 22 2
0 0 9 23 2
0 0 9 24 3
0 0 10 1 2
0 0 10 2 3
0 0 10 3 3
0 0 10 4 2
0 0 10 6 1
0 0 10 7 3
0 0 10 9 1
0 0 10 10 1
0 0 10 11 3
0 0 10 12 3
0 0 10 13 1
0 0 10 14 3
0 0 10 15 1
0 0 10 16 1
0 0 10 17 3
0 0 10 18 1
0 0 10 19 1
0 0 10 20 2
0 0 10 21 2
0 0 10 22 1
0 0 10 23 2
0 0 10 24 1
0 0 10 26 3
0 0 11 3 1
0 0 11 4 3
0 0 11 5 1
0 0 11 6 1
0 0 11 7 3
0 0 11 8 1
0 0 11 9 2
0 0 11 10 1
0 0 11 11 2
0 0 11 12 3
0 0 11 13 2
0 0 11 14 1
0 0 11 15 2
0 0 11 16 3
0 0 11 17 2
0 0 11 18 2
0 0 11 19 2
0 0 11 20 3
0 0 11 21 1
0 0 11 22 1
0 0 11 23 1
0 0 11 24 3
0 0 11 25 3
0 0 11 26 1
0 0 12 3 2
0 0 12 4 1
0 0 12 5 2
0 0 12 6 3
0 0 12 7 1
0 0 12 8 3
0 0 12 9 3
0 0 12 10 2
0 0 12 11 3
0 0 12 12 3
0 0 12 13 2
0 0 12 14 3
0 0 12 15 1
0 0 12 16 3
0 0 12 17 2
0 0 12 18 1
0 0 12 19 1
0 0 12 20 3
0 0 12 21 3
0 0 12 22 1
0 0 12 23 2
0 0 12 25 1
0 0 12 26 3
0 0 13 3 2
0 0 13 5 1
0 0 13 6 2
0 0 13 7 1
0 0 13 8 2
0 0 13 9 1
0 0 13 10 2
0 0 13 11 2
0 0 13 12 2
0 0 13 13 1
0 0 13 14 3
0 0 13 15 3
0 0 13 16 1
0 0 13 17 1
0 0 13 18 2
0 0 13 19 1
0 0 13 20 2
0 0 13 21 3
0 0 13 22 1
0 0 13 23 1
0 0 13 25 1
0 0 13 26 2
0 0 13 27 1
0 0 14 6 3
0 0 14 7 1
0 0 14 8 2
0 0 14 9 1
0 0 14 10 3
0 0 14 11 2
0 0 14 12 1
0 0 14 13 1
0 0 14 14 2
0 0 14 15 2
0 0 14 16 2
0 0 14 17 1
0 0 14 18 3
0 0 14 19 1
0 0 14 20 3
0 0 14 21 3
0 0 14 22 2
0 0 14 25 3
0 0 14 26 1
0 0 15 5 2
0 0 15 6 1
0 0 15 7 3
0 0 15 8 1
0 0 15 9 1
0 0 15 10 2
0 0 15 11 1
0 0 15 12 3
0 0 15 13 3
0 0 15 14 3
0 0 15 15 1
0 0 15 16 3
0 0 15 17 2
0 0 15 18 3
0 0 15 19 1
0 0 15 20 2
0 0 15 21 3
0 0 15 22 2
0 0 15 23 3
0 0 15 24 3
0 0 15 25 1
0 0 15 26 2
0 0 15 27 2
0 0 16 3 2
0 0 16 4 2
0 0 16 5 1
0 0 16 6 3
0 0 16 7 3
0 0 16 8 2
0 0 16 9 3
0 0 16 10 1
0 0 16 11 1
0 0 16 12 3
0 0 16 13 2
0 0 16 14 3
0 0 16 15 3
0 0 16 16 1
0 0 16 17 2
0 0 16 18 2
0 0 16 19 2
0 0 16 20 2
0 0 16 21 1
0 0 16 22 2
0 0 16 23 3
0 0 16 24 1
0 0 16 25 2
0 0 17 4 1
0 0 17 5 3
0 0 17 8 2
0 0 17 9 1
0 0 17 10 2
0 0 17 11 1
0 0 17 12 1
0 0 17 13 1
0 0 17 14 2
0 0 17 15 3
0 0 17 16 1
0 0 17 17 1
0 0 17 18 3
0 0 17 19 1
0 0 17 20 2
0 0 17 21 3
0 0 17 22 3
0 0 17 23 1
0 0 17 24 3
0 0 18 3 1
0 0 18 4 2
0 0 18 5 1
0 0 18 7 3
0 0 18 8 2
0 0 18 9 3
0 0 18 10 2
0 0 18 11 2
0 0 18 12 1
0 0 18 13 2
0 0 18 14 3
0 0 18 15 1
0 0 18 16 2
0 0 18 17 1
0 0 18 18 1
0 0 18 19 1
0 0 18 20 1
0 0 18 21 3
0 0 18 22 2
0 0 18 23 1
0 0 18 24 2
0 0 18 25 1
0 0 18 27 2
0 0 19 4 3
0 0 19 5 1
0 0 19 7 2
0 0 19 8 2
0 0 19 9 1
0 0 19 10 2
0 0 19 11 2
0 0 19 12 1
0 0 19 13 1
0 0 19 14 3
0 0 19 15 2
0 0 19 16 2
0 0 19 17 3
0 0 19 18 2
0 0 19 19 2
0 0 19 20 1
0 0 19 21 3
0 0 19 22 3
0 0 19 23 1
0 0 19 24 3
0 0 19 25 2
0 0 19 26 1
0 0 19 27 2
0 0 20 4 1
0 0 20 5 3
0 0 20 6 3
0 0 20 7 3
0 0 20 8 2
0 0 20 9 3
0 0 20 10 3
0 0 20 11 2
0 0 20 12 2
0 0 20 13 1
0 0 20 14 3
0 0 20 15 3
0 0 20 16 3
0 0 20 17 3
0 0 20 18 2
0 0 20 19 2
0 0 20 20 1
0 0 20 21 1
0 0 20 22 1
0 0 20 23 3
0 0 20 24 1
0 0 20 25 1
0 0 20 26 3
0 0 20 27 1
0 0 21 4 3
0 0 21 6 1
0 0 21 7 2
0 0 21 8 1
0 0 21 9 3
0 0 21 10 2
0 0 21 11 3
0 0 21 12 1
0 0 21 13 3
0 0 21 14 1
0 0 21 15 1
0 0 21 16 2
0 0 21 17 3
0 0 21 18 2
0 0 21 19 2
0 0 21 20 3
0 0 21 21 1
0 0 21 23 3
0 0 21 24 1
0 0 21 26 2
0 0 21 27 3
0 0 21 28 3
0 0 21 29 2
0 0 22 6 3
0 0 22 7 2
0 0 22 8 2
0 0 22 9 1
0 0 22 10 1
0 0 22 11 1
0 0 22 12 2
0 0 22 13 1
0 0 22 14 2
0 0 22 15 3
0 0 22 16 1
0 0 22 17 3
0 0 22 18 2
0 0 22 19 1
0 0 22 20 2
0 0 22 21 1
0 0 22 22 2
0 0 22 23 1
0 0 22 24 2
0 0 22 25 1
0 0 22 26 2
0 0 22 27 3
0 0 23 2 2
0 0 23 4 1
0 0 23 6 1
0 0 23 7 3
0 0 23 8 2
0 0 23 9 1
0 0 23 10 2
0 0 23 11 3
0 0 23 12 3
0 0 23 13 1
0 0 23 14 3
0 0 23 15 2
0 0 23 16 1
0 0 23 17 3
0 0 23 18 3
0 0 23 19 1
0 0 23 20 1
0 0 23 22 3
0 0 23 23 2
0 0 23 24 1
0 0 23 25 2
0 0 23 26 1
0 0 24 2 3
0 0 24 3 3
0 0 24 4 2
0 0 24 5 1
0 0 24 6 1
0 0 24 7 3
0 0 24 8 2
0 0 24 9 1
0 0 24 10 1
0 0 24 11 3
0 0 24 12 1
0 0 24 13 3
0 0 24 14 3
0 0 24 15 1
0 0 24 16 3
0 0 24 17 1
0 0 24 18 1
0 0 24 19 2
0 0 24 20 2
0 0 24 21 2
0 0 24 22 3
0 0 24 23 2
0 0 24 24 1
0 0 24 25 2
0 0 24 26 2
0 0 24 27 2
0 0 25 0 1
0 0 25 1 3
0 0 25 2 3
0 0 25 3 1
0 0 25 4 1
0 0 25 5 1
0 0 25 6 2
0 0 25 7 1
0 0 25 8 3
0 0 25 9 3
0 0 25 11 1
0 0 25 12 3
0 0 25 13 2
0 0 25 14 3
0 0 25 15 1
0 0 25 16 3
0 0 25 17 1
0 0 25 18 2
0 0 25 19 3
0 0 25 20 3
0 0 25 21 3
0 0 25 22 1
0 0 25 23 1
0 0 25 24 2
0 0 25 25 2
0 0 25 27 3
0 0 25 28 1
0 0 25 30 2
0 0 26 2 1
0 0 26 3 3
0 0 26 4 2
0 0 26 5 1
0 0 26 6 2
0 0 26 7 1
0 0 26 8 2
0 0 26 9 1
0 0 26 10 3
0 0 26 11 1
0 0 26 12 2
0 0 26 13 1
0 0 26 15 2
0 0 26 16 1
0 0 26 17 3
0 0 26 18 1
0 0 26 19 1
0 0 26 20 3
0 0 26 25 1
0 0 26 26 1
0 0 26 27 3
0 0 26 28 3
0 0 26 29 1
0 0 26 30 2
0 0 27 1 3
0 0 27 2 1
0 0 27 3 2
0 0 27 4 1
0 0 27 5 1
0 0 27 6 2
0 0 27 7 3
0 0 27 8 1
0 0 27 10 3
0 0 27 11 3
0 0 27 12 1
0 0 27 16 2
0 0 27 17 1
0 0 27 18 2
0 0 27 19 3
0 0 27 20 1
0 0 27 21 3
0 0 27 22 3
0 0 27 23 1
0 0 27 24 1
0 0 27 25 2
0 0 27 26 1
0 0 27 27 2
0 0 27 28 3
0 0 27 29 1
0 0 27 30 1
0 0 28 0 3
0 0 28 1 2
0 0 28 2 3
0 0 28 3 1
0 0 28 4 2
0 0 28 5 3
0 0 28 6 2
0 0 28 7 1
0 0 28 8 2
0 0 28 9 2
0 0 28 10 3
0 0 28 11 1
0 0 28 12 2
0 0 28 13 2
0 0 28 16 2
0 0 28 18 1
0 0 28 23 3
0 0 28 24 1
0 0 28 25 3
0 0 28 26 3
0 0 28 27 1
0 0 28 28 3
0 0 28 29 2
0 0 29 0 3
0 0 29 1 3
0 0 29 2 1
0 0 29 3 2
0 0 29 4 2
0 0 29 5 3
0 0 29 6 2
0 0 29 10 3
0 0 29 23 3
0 0 29 24 2
0 0 29 25 3
0 0 29 27 3
0 0 29 28 1
0 0 29 29 2
0 0 30 0 3
0 0 30 1 3
0 0 30 2 2
0 0 30 3 2
0 0 30 4 1
0 0 30 5 1
0 0 30 10 2
0 0 30 23 1
0 0 30 27 3
0 0 30 28 3
0 0 30 29 2
0 0 31 1 2
0 0 31 4 1
0 0 31 5 2
0 0 31 6 2
0 0 31 29 3
