0 0 0 2 2
0 0 0 3 2
0 0 0 4 4
0 0 0 5 4
0 0 0 23 2
0 0 0 24 2
0 0 0 25 4
0 0 0 29 3
0 0 0 30 4
0 0 0 31 2
0 0 1 2 4
0 0 1 3 3
0 0 1 4 3
0 0 1 18 2
0 0 1 19 2
0 0 1 20 4
0 0 1 23 4
0 0 1 24 3
0 0 1 25 3
0 0 1 27 4
0 0 1 28 3
0 0 1 29 3
0 0 1 30 3
0 0 1 31 2
0 0 2 2 3
0 0 2 3 3
0 0 2 4 1
0 0 2 5 3
0 0 2 18 4
0 0 2 19 3
0 0 2 20 3
0 0 2 23 3
0 0 2 24 4
0 0 2 25 1
0 0 2 26 3
0 0 2 27 4
0 0 2 28 3
0 0 2 29 1
0 0 2 30 3
0 0 2 31 4
0 0 3 3 3
0 0 3 4 3
0 0 3 5 1
0 0 3 14 4
0 0 3 15 2
0 0 3 18 3
0 0 3 19 3
0 0 3 20 1
0 0 3 21 3
0 0 3 24 3
0 0 3 25 3
0 0 3 26 1
0 0 3 27 2
0 0 3 28 1
0 0 3 29 3
0 0 4 3 2
0 0 4 4 2
0 0 4 5 4
0 0 4 6 2
0 0 4 7 2
0 0 4 8 4
0 0 4 14 2
0 0 4 19 3
0 0 4 20 3
0 0 4 21 1
0 0 4 23 3
0 0 4 24 1
0 0 4 25 3
0 0 4 26 1
0 0 5 3 4
0 0 5 4 3
0 0 5 5 3
0 0 5 6 1
0 0 5 7 1
0 0 5 8 3
0 0 5 13 4
0 0 5 14 1
0 0 5 15 3
0 0 5 19 4
0 0 5 20 4
0 0 5 21 2
0 0 5 22 1
0 0 5 23 2
0 0 5 24 3
0 0 5 25 1
0 0 5 26 1
0 0 5 27 2
0 0 5 29 3
0 0 5 30 4
0 0 5 31 2
0 0 6 2 4
0 0 6 3 3
0 0 6 4 3
0 0 6 5 1
0 0 6 6 3
0 0 6 7 1
0 0 6 8 2
0 0 6 9 4
0 0 6 12 3
0 0 6 13 2
0 0 6 14 3
0 0 6 15 2
0 0 6 16 4
0 0 6 18 2
0 0 6 19 2
0 0 6 20 3
0 0 6 21 1
0 0 6 22 1
0 0 6 23 1
0 0 6 24 3
0 0 6 25 2
0 0 6 26 3
0 0 6 27 4
0 0 6 28 3
0 0 6 29 3
0 0 6 30 3
0 0 6 31 2
0 0 7 2 2
0 0 7 3 3
0 0 7 4 3
0 0 7 5 3
0 0 7 6 1
0 0 7 7 3
0 0 7 8 3
0 0 7 9 1
0 0 7 10 2
0 0 7 11 2
0 0 7 12 1
0 0 7 13 1
0 0 7 14 3
0 0 7 15 3
0 0 7 16 1
0 0 7 18 4
0 0 7 19 3
0 0 7 20 1
0 0 7 21 3
0 0 7 22 3
0 0 7 23 1
0 0 7 24 2
0 0 7 25 4
0 0 7 26 3
0 0 7 27 4
0 0 7 28 3
0 0 7 29 1
0 0 7 30 3
0 0 7 31 4
0 0 8 2 2
0 0 8 3 4
0 0 8 4 4
0 0 8 5 4
0 0 8 6 2
0 0 8 7 3
0 0 8 8 2
0 0 8 9 3
0 0 8 11 2
0 0 8 12 1
0 0 8 13 3
0 0 8 14 1
0 0 8 15 3
0 0 8 18 2
0 0 8 19 3
0 0 8 20 4
0 0 8 21 3
0 0 8 22 1
0 0 8 23 3
0 0 8 24 3
0 0 8 25 1
0 0 8 26 2
0 0 8 27 4
0 0 8 28 1
0 0 8 29 3
0 0 9 5 3
0 0 9 6 1
0 0 9 7 1
0 0 9 8 1
0 0 9 9 3
0 0 9 10 1
0 0 9 11 2
0 0 9 12 1
0 0 9 13 3
0 0 9 14 3
0 0 9 16 2
0 0 9 18 2
0 0 9 19 4
0 0 9 20 3
0 0 9 21 3
0 0 9 22 3
0 0 9 23 3
0 0 9 24 2
0 0 9 25 3
0 0 9 26 1
0 0 9 27 2
0 0 10 3 4
0 0 10 4 3
0 0 10 5 1
0 0 10 6 3
0 0 10 7 3
0 0 10 8 1
0 0 10 9 2
0 0 10 10 4
0 0 10 11 4
0 0 10 12 3
0 0 10 13 1
0 0 10 14 4
0 0 10 15 3
0 0 10 16 4
0 0 10 17 2
0 0 10 18 1
0 0 10 19 3
0 0 10 20 4
0 0 10 21 2
0 0 10 22 3
0 0 10 23 1
0 0 10 24 4
0 0 10 25 1
0 0 10 26 1
0 0 10 27 2
0 0 11 3 2
0 0 11 4 3
0 0 11 5 4
0 0 11 6 3
0 0 11 7 1
0 0 11 8 2
0 0 11 9 3
0 0 11 10 1
0 0 11 11 2
0 0 11 12 4
0 0 11 13 3
0 0 11 14 3
0 0 11 15 4
0 0 11 16 4
0 0 11 18 4
0 0 11 19 2
0 0 11 20 2
0 0 11 21 3
0 0 11 22 1
0 0 11 23 1
0 0 11 24 3
0 0 11 25 2
0 0 11 26 3
0 0 12 3 2
0 0 12 4 4
0 0 12 5 3
0 0 12 6 2
0 0 12 7 3
0 0 12 8 3
0 0 12 9 2
0 0 12 10 3
0 0 12 11 2
0 0 12 12 2
0 0 12 13 4
0 0 12 14 2
0 0 12 15 2
0 0 12 16 1
0 0 12 18 4
0 0 12 19 4
0 0 12 20 1
0 0 12 21 3
0 0 12 22 3
0 0 12 23 1
0 0 12 24 2
0 0 12 25 4
0 0 13 8 1
0 0 13 9 4
0 0 13 11 1
0 0 13 12 1
0 0 13 13 3
0 0 13 14 1
0 0 13 15 3
0 0 13 16 3
0 0 13 17 4
0 0 13 18 3
0 0 13 19 2
0 0 13 20 3
0 0 13 21 2
0 0 13 22 4
0 0 13 23 3
0 0 13 24 3
0 0 13 25 1
0 0 13 26 2
0 0 13 27 4
0 0 14 8 4
0 0 14 9 3
0 0 14 10 1
0 0 14 11 2
0 0 14 12 3
0 0 14 13 1
0 0 14 14 3
0 0 14 15 1
0 0 14 16 2
0 0 14 17 2
0 0 14 18 1
0 0 14 19 1
0 0 14 20 3
0 0 14 21 3
0 0 14 22 4
0 0 14 23 3
0 0 14 24 2
0 0 14 25 3
0 0 14 27 2
0 0 15 7 4
0 0 15 8 3
0 0 15 9 1
0 0 15 10 3
0 0 15 11 4
0 0 15 12 3
0 0 15 13 3
0 0 15 14 1
0 0 15 15 1
0 0 15 16 2
0 0 15 17 2
0 0 15 18 1
0 0 15 19 3
0 0 15 20 1
0 0 15 21 3
0 0 15 22 3
0 0 15 23 1
0 0 15 24 4
0 0 16 7 2
0 0 16 8 3
0 0 16 9 3
0 0 16 10 3
0 0 16 11 4
0 0 16 12 2
0 0 16 13 3
0 0 16 14 2
0 0 16 15 3
0 0 16 16 2
0 0 16 17 2
0 0 16 18 4
0 0 16 19 2
0 0 16 20 3
0 0 16 21 3
0 0 16 24 4
0 0 16 25 1
0 0 17 7 2
0 0 17 8 4
0 0 17 9 3
0 0 17 12 3
0 0 17 13 1
0 0 17 14 4
0 0 17 15 1
0 0 17 16 1
0 0 17 17 3
0 0 17 18 2
0 0 17 19 2
0 0 17 20 4
0 0 17 21 2
0 0 17 22 2
0 0 17 23 3
0 0 17 24 3
0 0 17 25 4
0 0 17 26 2
0 0 17 27 3
0 0 17 28 3
0 0 17 29 4
0 0 17 30 2
0 0 18 12 3
0 0 18 13 2
0 0 18 14 2
0 0 18 15 4
0 0 18 16 1
0 0 18 17 2
0 0 18 18 4
0 0 18 19 3
0 0 18 20 3
0 0 18 21 4
0 0 18 22 4
0 0 18 23 3
0 0 18 24 3
0 0 18 25 3
0 0 18 26 2
0 0 18 27 3
0 0 18 28 4
0 0 18 29 3
0 0 18 30 2
0 0 19 9 4
0 0 19 10 1
0 0 19 11 3
0 0 19 12 2
0 0 19 13 4
0 0 19 14 3
0 0 19 15 1
0 0 19 16 2
0 0 19 17 4
0 0 19 18 3
0 0 19 19 4
0 0 19 20 1
0 0 19 21 3
0 0 19 22 4
0 0 19 23 3
0 0 19 24 1
0 0 19 25 3
0 0 19 26 4
0 0 19 27 3
0 0 19 28 1
0 0 19 29 3
0 0 19 30 4
0 0 20 6 2
0 0 20 8 3
0 0 20 9 2
0 0 20 10 3
0 0 20 11 3
0 0 20 12 3
0 0 20 13 3
0 0 20 14 4
0 0 20 15 2
0 0 20 16 3
0 0 20 17 2
0 0 20 18 3
0 0 20 19 3
0 0 20 20 3
0 0 20 21 1
0 0 20 22 2
0 0 20 23 1
0 0 20 24 3
0 0 20 25 4
0 0 20 26 1
0 0 20 27 1
0 0 20 28 3
0 0 21 6 4
0 0 21 7 2
0 0 21 8 1
0 0 21 9 3
0 0 21 10 3
0 0 21 11 1
0 0 21 12 3
0 0 21 13 4
0 0 21 14 3
0 0 21 15 2
0 0 21 16 4
0 0 21 17 4
0 0 21 18 3
0 0 21 19 1
0 0 21 20 3
0 0 21 21 1
0 0 21 22 2
0 0 21 23 3
0 0 21 24 3
0 0 21 25 2
0 0 21 26 3
0 0 21 27 3
0 0 21 28 4
0 0 21 29 3
0 0 21 30 4
0 0 21 31 2
0 0 22 8 4
0 0 22 9 2
0 0 22 10 1
0 0 22 11 3
0 0 22 12 3
0 0 22 13 1
0 0 22 14 3
0 0 22 15 4
0 0 22 16 1
0 0 22 17 1
0 0 22 18 3
0 0 22 19 3
0 0 22 20 1
0 0 22 21 1
0 0 22 22 2
0 0 22 23 2
0 0 22 24 1
0 0 22 25 3
0 0 22 26 3
0 0 22 27 1
0 0 22 28 3
0 0 22 29 4
0 0 22 30 3
0 0 22 31 2
0 0 23 7 3
0 0 23 8 2
0 0 23 9 3
0 0 23 10 1
0 0 23 11 1
0 0 23 12 1
0 0 23 13 3
0 0 23 14 4
0 0 23 15 1
0 0 23 16 3
0 0 23 17 4
0 0 23 18 2
0 0 23 19 3
0 0 23 20 2
0 0 23 21 3
0 0 23 22 3
0 0 23 23 2
0 0 23 24 4
0 0 23 25 2
0 0 23 26 1
0 0 23 27 3
0 0 23 28 3
0 0 23 29 1
0 0 23 30 3
0 0 23 31 4
0 0 24 6 2
0 0 24 7 1
0 0 24 8 1
0 0 24 9 3
0 0 24 10 2
0 0 24 11 1
0 0 24 12 2
0 0 24 13 4
0 0 24 14 4
0 0 24 15 4
0 0 24 16 4
0 0 24 17 4
0 0 24 18 3
0 0 24 19 1
0 0 24 20 4
0 0 24 21 3
0 0 24 22 1
0 0 24 23 4
0 0 24 24 2
0 0 24 25 3
0 0 24 26 1
0 0 24 27 1
0 0 24 28 1
0 0 24 29 3
0 0 24 30 4
0 0 25 7 1
0 0 25 8 3
0 0 25 9 1
0 0 25 10 3
0 0 25 11 3
0 0 25 12 1
0 0 25 13 3
0 0 25 14 3
0 0 25 15 1
0 0 25 16 3
0 0 25 17 3
0 0 25 19 2
0 0 25 22 2
0 0 25 24 3
0 0 25 25 1
0 0 25 26 2
0 0 25 27 1
0 0 25 28 2
0 0 25 29 4
0 0 25 30 4
0 0 26 4 3
0 0 26 5 1
0 0 26 6 2
0 0 26 7 1
0 0 26 8 3
0 0 26 9 3
0 0 26 10 1
0 0 26 11 3
0 0 26 12 3
0 0 26 13 1
0 0 26 14 3
0 0 26 15 3
0 0 26 16 1
0 0 26 17 3
0 0 26 18 2
0 0 26 19 4
0 0 26 21 2
0 0 26 22 4
0 0 26 25 2
0 0 26 27 2
0 0 26 28 1
0 0 26 29 3
0 0 26 30 3
0 0 27 2 4
0 0 27 3 3
0 0 27 4 1
0 0 27 5 3
0 0 27 6 4
0 0 27 7 3
0 0 27 8 1
0 0 27 9 4
0 0 27 10 3
0 0 27 11 1
0 0 27 12 4
0 0 27 13 3
0 0 27 14 3
0 0 27 15 4
0 0 27 16 3
0 0 27 17 3
0 0 27 18 4
0 0 27 27 1
0 0 27 28 3
0 0 27 29 1
0 0 27 30 3
0 0 27 31 3
0 0 28 2 2
0 0 28 3 3
0 0 28 4 3
0 0 28 5 3
0 0 28 6 4
0 0 28 7 3
0 0 28 8 3
0 0 28 9 3
0 0 28 10 4
0 0 28 11 3
0 0 28 12 3
0 0 28 13 4
0 0 28 14 2
0 0 28 15 2
0 0 28 16 4
0 0 28 17 2
0 0 28 18 2
0 0 28 27 3
0 0 28 28 1
0 0 28 29 3
0 0 28 30 3
0 0 28 31 4
0 0 29 2 2
0 0 29 3 4
0 0 29 4 3
0 0 29 5 2
0 0 29 6 4
0 0 29 7 4
0 0 29 8 4
0 0 29 9 2
0 0 29 10 2
0 0 29 11 4
0 0 29 12 2
0 0 29 13 2
0 0 29 28 3
0 0 29 29 4
0 0 29 30 2
0 0 29 31 2
0 0 30 28 4
0 0 30 29 2
0 0 30 30 2
