0 0 2 15 1
0 0 3 1 2
0 0 3 6 2
0 0 3 7 1
0 0 3 8 1
0 0 3 13 1
0 0 3 14 1
0 0 3 15 1
0 0 3 16 2
0 0 3 23 1
0 0 4 0 1
0 0 4 1 1
0 0 4 7 2
0 0 4 8 1
0 0 4 13 1
0 0 4 14 1
0 0 4 16 2
0 0 4 21 1
0 0 4 22 1
0 0 4 23 1
0 0 4 24 2
0 0 4 27 1
0 0 5 1 1
0 0 5 2 1
0 0 5 4 2
0 0 5 5 1
0 0 5 6 1
0 0 5 7 1
0 0 5 8 3
0 0 5 13 2
0 0 5 15 2
0 0 5 16 1
0 0 5 18 2
0 0 5 19 1
0 0 5 20 1
0 0 5 21 1
0 0 5 22 1
0 0 5 24 2
0 0 5 25 1
0 0 5 26 1
0 0 5 27 1
0 0 5 28 2
0 0 6 1 1
0 0 6 2 1
0 0 6 3 1
0 0 6 4 1
0 0 6 5 1
0 0 6 6 4
0 0 6 7 1
0 0 6 8 1
0 0 6 9 2
0 0 6 10 1
0 0 6 11 1
0 0 6 12 3
0 0 6 13 1
0 0 6 14 1
0 0 6 15 1
0 0 6 16 1
0 0 6 17 2
0 0 6 19 2
0 0 6 20 1
0 0 6 21 2
0 0 6 24 1
0 0 6 25 1
0 0 6 26 1
0 0 7 4 1
0 0 7 5 1
0 0 7 6 2
0 0 7 7 1
0 0 7 8 1
0 0 7 9 2
0 0 7 10 1
0 0 7 11 1
0 0 7 12 1
0 0 7 13 1
0 0 7 14 3
0 0 7 15 2
0 0 7 16 4
0 0 7 17 2
0 0 7 18 1
0 0 7 19 1
0 0 7 20 3
0 0 7 21 1
0 0 7 23 3
0 0 7 24 2
0 0 7 25 2
0 0 7 26 2
0 0 7 27 4
0 0 7 28 1
0 0 8 4 4
0 0 8 5 1
0 0 8 6 2
0 0 8 7 1
0 0 8 8 1
0 0 8 9 2
0 0 8 10 2
0 0 8 11 1
0 0 8 12 2
0 0 8 13 2
0 0 8 14 1
0 0 8 15 1
0 0 8 16 1
0 0 8 17 1
0 0 8 18 1
0 0 8 19 1
0 0 8 20 4
0 0 8 21 1
0 0 8 22 2
0 0 8 23 1
0 0 8 24 3
0 0 8 25 1
0 0 8 26 1
0 0 8 27 1
0 0 8 28 1
0 0 8 29 2
0 0 9 1 2
0 0 9 3 2
0 0 9 4 1
0 0 9 5 1
0 0 9 6 2
0 0 9 7 3
0 0 9 8 1
0 0 9 9 2
0 0 9 10 1
0 0 9 11 2
0 0 9 12 1
0 0 9 13 2
0 0 9 14 1
0 0 9 15 3
0 0 9 16 1
0 0 9 17 1
0 0 9 18 2
0 0 9 19 1
0 0 9 20 2
0 0 9 21 3
0 0 9 22 1
0 0 9 23 1
0 0 9 24 1
0 0 9 25 1
0 0 9 26 1
0 0 9 27 1
0 0 10 0 1
0 0 10 1 1
0 0 10 4 2
0 0 10 5 1
0 0 10 6 1
0 0 10 7 1
0 0 10 8 1
0 0 10 9 1
0 0 10 10 2
0 0 10 11 1
0 0 10 12 2
0 0 10 14 2
0 0 10 16 1
0 0 10 17 1
0 0 10 18 1
0 0 10 19 2
0 0 10 20 1
0 0 10 21 2
0 0 10 22 2
0 0 10 23 1
0 0 10 24 2
0 0 10 25 2
0 0 10 26 2
0 0 11 1 2
0 0 11 2 1
0 0 11 3 2
0 0 11 4 1
0 0 11 5 3
0 0 11 6 2
0 0 11 7 1
0 0 11 8 1
0 0 11 9 2
0 0 11 10 2
0 0 11 11 1
0 0 11 12 1
0 0 11 13 1
0 0 11 14 1
0 0 11 15 1
0 0 11 16 1
0 0 11 17 1
0 0 11 18 3
0 0 11 19 1
0 0 11 20 2
0 0 11 21 1
0 0 11 22 2
0 0 11 23 2
0 0 11 24 1
0 0 12 1 1
0 0 12 2 2
0 0 12 3 3
0 0 12 4 1
0 0 12 5 1
0 0 12 6 1
0 0 12 7 2
0 0 12 8 1
0 0 12 9 1
0 0 12 10 1
0 0 12 11 2
0 0 12 12 1
0 0 12 13 1
0 0 12 14 1
0 0 12 15 4
0 0 12 16 1
0 0 12 17 1
0 0 12 18 1
0 0 12 19 1
0 0 12 20 1
0 0 12 21 2
0 0 12 22 1
0 0 12 23 1
0 0 12 24 2
0 0 13 3 2
0 0 13 4 1
0 0 13 5 1
0 0 13 6 3
0 0 13 7 1
0 0 13 8 1
0 0 13 9 1
0 0 13 10 1
0 0 13 11 2
0 0 13 12 1
0 0 13 13 1
0 0 13 14 3
0 0 13 15 3
0 0 13 16 2
0 0 13 17 1
0 0 13 18 2
0 0 13 19 3
0 0 13 20 1
0 0 13 21 1
0 0 13 22 1
0 0 13 23 2
0 0 13 24 2
0 0 13 25 1
0 0 13 26 1
0 0 14 4 1
0 0 14 5 4
0 0 14 6 1
0 0 14 7 1
0 0 14 8 2
0 0 14 9 1
0 0 14 10 4
0 0 14 11 1
0 0 14 12 2
0 0 14 13 1
0 0 14 14 2
0 0 14 15 1
0 0 14 16 2
0 0 14 17 1
0 0 14 18 1
0 0 14 19 2
0 0 14 20 1
0 0 14 21 1
0 0 14 22 1
0 0 14 23 1
0 0 14 24 2
0 0 14 25 1
0 0 14 26 1
0 0 15 4 2
0 0 15 5 1
0 0 15 6 2
0 0 15 7 3
0 0 15 8 2
0 0 15 9 1
0 0 15 10 1
0 0 15 11 1
0 0 15 12 2
0 0 15 13 1
0 0 15 14 1
0 0 15 15 2
0 0 15 16 1
0 0 15 17 1
0 0 15 18 2
0 0 15 19 1
0 0 15 20 1
0 0 15 21 1
0 0 15 22 1
0 0 15 23 2
0 0 15 24 1
0 0 15 25 1
0 0 15 26 3
0 0 15 27 2
0 0 16 6 1
0 0 16 7 1
0 0 16 8 1
0 0 16 9 2
0 0 16 10 1
0 0 16 11 1
0 0 16 12 1
0 0 16 13 1
0 0 16 14 1
0 0 16 15 4
0 0 16 16 1
0 0 16 17 4
0 0 16 18 1
0 0 16 19 1
0 0 16 20 1
0 0 16 21 1
0 0 16 22 1
0 0 16 23 1
0 0 16 24 3
0 0 16 25 1
0 0 16 26 2
0 0 16 27 1
0 0 16 28 2
0 0 16 29 1
0 0 17 3 2
0 0 17 4 2
0 0 17 5 1
0 0 17 6 2
0 0 17 7 1
0 0 17 8 2
0 0 17 9 1
0 0 17 10 3
0 0 17 11 1
0 0 17 12 2
0 0 17 13 1
0 0 17 14 1
0 0 17 15 1
0 0 17 16 2
0 0 17 17 2
0 0 17 18 2
0 0 17 19 3
0 0 17 20 2
0 0 17 21 1
0 0 17 22 1
0 0 17 23 1
0 0 17 24 1
0 0 17 26 2
0 0 17 28 1
0 0 17 29 1
0 0 18 2 1
0 0 18 3 1
0 0 18 4 2
0 0 18 5 1
0 0 18 6 2
0 0 18 7 1
0 0 18 8 3
0 0 18 9 1
0 0 18 10 1
0 0 18 11 2
0 0 18 12 1
0 0 18 13 1
0 0 18 14 2
0 0 18 15 1
0 0 18 16 3
0 0 18 18 1
0 0 18 20 2
0 0 18 21 1
0 0 18 22 1
0 0 18 23 2
0 0 18 24 1
0 0 18 25 1
0 0 18 26 2
0 0 18 29 1
0 0 18 30 1
0 0 19 0 2
0 0 19 1 1
0 0 19 2 1
0 0 19 3 1
0 0 19 4 1
0 0 19 6 1
0 0 19 7 1
0 0 19 8 2
0 0 19 9 1
0 0 19 10 2
0 0 19 11 1
0 0 19 12 2
0 0 19 13 4
0 0 19 14 3
0 0 19 15 1
0 0 19 16 1
0 0 19 17 2
0 0 19 18 2
0 0 19 19 1
0 0 19 20 2
0 0 19 21 1
0 0 19 22 3
0 0 19 23 1
0 0 19 24 2
0 0 19 25 1
0 0 19 26 1
0 0 19 29 2
0 0 20 1 1
0 0 20 2 4
0 0 20 3 1
0 0 20 4 1
0 0 20 5 1
0 0 20 6 3
0 0 20 7 1
0 0 20 8 2
0 0 20 9 3
0 0 20 10 1
0 0 20 11 2
0 0 20 12 3
0 0 20 13 1
0 0 20 14 1
0 0 20 15 2
0 0 20 16 1
0 0 20 17 1
0 0 20 18 1
0 0 20 19 1
0 0 20 20 3
0 0 20 21 1
0 0 20 22 1
0 0 20 23 2
0 0 20 24 1
0 0 20 25 1
0 0 20 26 1
0 0 21 2 1
0 0 21 3 4
0 0 21 5 2
0 0 21 6 1
0 0 21 7 1
0 0 21 9 1
0 0 21 10 3
0 0 21 11 1
0 0 21 12 1
0 0 21 13 2
0 0 21 14 2
0 0 21 15 2
0 0 21 16 1
0 0 21 17 1
0 0 21 18 1
0 0 21 19 1
0 0 21 20 1
0 0 21 21 2
0 0 21 22 2
0 0 21 23 1
0 0 21 24 2
0 0 21 25 4
0 0 21 26 3
0 0 22 4 1
0 0 22 5 1
0 0 22 7 1
0 0 22 9 1
0 0 22 10 1
0 0 22 11 2
0 0 22 13 2
0 0 22 14 1
0 0 22 15 1
0 0 22 16 2
0 0 22 17 1
0 0 22 18 1
0 0 22 19 2
0 0 22 20 1
0 0 22 21 2
0 0 22 22 1
0 0 22 23 1
0 0 22 24 3
0 0 22 25 1
0 0 22 26 1
0 0 22 27 2
0 0 22 28 1
0 0 22 29 1
0 0 23 2 2
0 0 23 3 2
0 0 23 4 1
0 0 23 5 2
0 0 23 6 1
0 0 23 7 3
0 0 23 8 1
0 0 23 9 2
0 0 23 10 1
0 0 23 11 1
0 0 23 12 2
0 0 23 14 1
0 0 23 15 2
0 0 23 16 1
0 0 23 17 2
0 0 23 18 2
0 0 23 22 3
0 0 23 23 1
0 0 23 24 1
0 0 23 25 2
0 0 23 26 2
0 0 23 28 1
0 0 23 29 1
0 0 24 3 1
0 0 24 5 3
0 0 24 6 1
0 0 24 7 1
0 0 24 8 2
0 0 24 9 1
0 0 24 10 1
0 0 24 11 1
0 0 24 14 2
0 0 24 15 2
0 0 24 16 2
0 0 24 17 1
0 0 24 18 2
0 0 24 22 1
0 0 24 23 2
0 0 24 29 1
0 0 24 30 1
0 0 25 7 2
0 0 25 8 1
0 0 25 9 2
0 0 25 10 4
0 0 25 11 3
0 0 25 13 1
0 0 25 14 1
0 0 25 15 1
0 0 25 16 1
0 0 25 17 1
0 0 25 18 1
0 0 25 22 1
0 0 25 23 1
0 0 25 24 2
0 0 25 29 2
0 0 26 9 3
0 0 26 10 1
0 0 26 11 1
0 0 26 12 2
0 0 26 13 1
0 0 26 14 1
0 0 26 15 1
0 0 26 16 3
0 0 26 17 1
0 0 26 18 1
0 0 26 19 2
0 0 26 20 1
0 0 26 21 1
0 0 26 22 3
0 0 27 10 2
0 0 27 12 1
0 0 27 13 1
0 0 27 14 1
0 0 27 15 2
0 0 27 20 3
0 0 27 21 1
0 0 27 22 2
0 0 27 23 1
0 0 27 24 2
0 0 28 14 1
0 0 28 15 1
0 0 28 20 1
0 0 29 12 2
0 0 29 13 1
0 0 29 14 2
0 0 29 15 1
0 0 29 20 1
0 0 29 21 1
0 0 29 22 2
0 0 30 13 1
