0 0 0 2 2
0 0 0 3 1
0 0 0 4 3
0 0 1 2 1
0 0 1 5 1
0 0 1 6 1
0 0 1 7 3
0 0 2 2 3
0 0 2 3 2
0 0 2 4 1
0 0 2 5 2
0 0 2 6 2
0 0 2 7 3
0 0 2 19 1
0 0 3 2 3
0 0 3 3 1
0 0 3 4 2
0 0 3 5 3
0 0 3 7 3
0 0 3 14 3
0 0 3 18 1
0 0 3 19 2
0 0 3 20 1
0 0 4 3 1
0 0 4 4 1
0 0 4 13 3
0 0 4 14 2
0 0 4 15 3
0 0 4 16 1
0 0 4 17 2
0 0 4 18 2
0 0 5 3 3
0 0 5 4 2
0 0 5 5 1
0 0 5 12 2
0 0 5 13 2
0 0 5 14 1
0 0 5 15 3
0 0 5 16 1
0 0 5 17 1
0 0 6 3 1
0 0 6 9 3
0 0 6 10 3
0 0 6 11 2
0 0 6 12 2
0 0 6 13 1
0 0 6 14 2
0 0 6 15 3
0 0 6 16 2
0 0 6 17 3
0 0 6 27 3
0 0 7 2 1
0 0 7 3 2
0 0 7 5 3
0 0 7 9 3
0 0 7 10 3
0 0 7 11 1
0 0 7 12 1
0 0 7 13 3
0 0 7 14 2
0 0 7 15 1
0 0 7 17 2
0 0 7 18 1
0 0 7 20 1
0 0 7 24 3
0 0 7 25 3
0 0 7 26 1
0 0 7 27 2
0 0 7 28 3
0 0 8 3 1
0 0 8 4 2
0 0 8 5 2
0 0 8 6 1
0 0 8 7 1
0 0 8 10 2
0 0 8 11 3
0 0 8 12 3
0 0 8 13 2
0 0 8 17 1
0 0 8 18 3
0 0 8 19 1
0 0 8 20 2
0 0 8 21 1
0 0 8 22 3
0 0 8 23 1
0 0 8 24 1
0 0 8 25 2
0 0 8 26 2
0 0 8 27 1
0 0 8 28 3
0 0 9 2 1
0 0 9 3 3
0 0 9 4 3
0 0 9 5 2
0 0 9 6 1
0 0 9 7 2
0 0 9 8 1
0 0 9 9 3
0 0 9 10 1
0 0 9 11 1
0 0 9 12 2
0 0 9 13 1
0 0 9 15 2
0 0 9 16 2
0 0 9 17 1
0 0 9 18 1
0 0 9 19 1
0 0 9 20 1
0 0 9 22 2
0 0 9 23 1
0 0 9 24 2
0 0 9 25 1
0 0 9 27 3
0 0 10 1 3
0 0 10 2 2
0 0 10 3 3
0 0 10 4 1
0 0 10 5 1
0 0 10 6 2
0 0 10 7 3
0 0 10 8 1
0 0 10 9 2
0 0 10 10 1
0 0 10 11 1
0 0 10 12 2
0 0 10 13 3
0 0 10 14 1
0 0 10 15 2
0 0 10 16 3
0 0 10 17 1
0 0 10 18 2
0 0 10 19 2
0 0 10 20 3
0 0 10 21 1
0 0 10 22 1
0 0 10 23 1
0 0 10 24 3
0 0 10 25 2
0 0 10 26 1
0 0 11 6 3
0 0 11 7 2
0 0 11 8 3
0 0 11 9 1
0 0 11 10 1
0 0 11 11 2
0 0 11 12 1
0 0 11 13 2
0 0 11 14 1
0 0 11 15 3
0 0 11 16 1
0 0 11 17 1
0 0 11 18 2
0 0 11 19 1
0 0 11 20 2
0 0 11 21 3
0 0 11 22 1
0 0 11 23 2
0 0 11 24 1
0 0 11 25 2
0 0 11 26 1
0 0 12 5 3
0 0 12 6 3
0 0 12 7 3
0 0 12 8 1
0 0 12 10 1
0 0 12 11 1
0 0 12 12 2
0 0 12 13 1
0 0 12 14 1
0 0 12 15 2
0 0 12 16 1
0 0 12 17 2
0 0 12 18 1
0 0 12 19 2
0 0 12 20 1
0 0 12 21 2
0 0 12 22 2
0 0 12 24 3
0 0 12 25 3
0 0 12 26 3
0 0 13 6 1
0 0 13 7 2
0 0 13 8 2
0 0 13 10 2
0 0 13 11 2
0 0 13 12 3
0 0 13 13 2
0 0 13 14 2
0 0 13 15 1
0 0 13 16 3
0 0 13 17 3
0 0 13 18 1
0 0 13 19 1
0 0 13 20 1
0 0 13 21 1
0 0 13 22 1
0 0 13 23 3
0 0 13 28 3
0 0 14 7 1
0 0 14 8 2
0 0 14 9 2
0 0 14 10 3
0 0 14 11 1
0 0 14 12 3
0 0 14 13 2
0 0 14 14 1
0 0 14 15 2
0 0 14 16 1
0 0 14 17 1
0 0 14 18 3
0 0 14 19 1
0 0 14 20 2
0 0 14 21 3
0 0 14 22 3
0 0 14 23 2
0 0 14 24 3
0 0 14 25 3
0 0 14 26 3
0 0 14 27 1
0 0 14 28 2
0 0 14 29 3
0 0 15 6 3
0 0 15 7 1
0 0 15 8 2
0 0 15 9 1
0 0 15 10 3
0 0 15 11 2
0 0 15 12 1
0 0 15 13 3
0 0 15 14 1
0 0 15 15 1
0 0 15 16 3
0 0 15 17 3
0 0 15 18 3
0 0 15 19 3
0 0 15 20 1
0 0 15 21 2
0 0 15 22 1
0 0 15 23 1
0 0 15 24 3
0 0 15 25 1
0 0 15 26 2
0 0 15 27 2
0 0 15 28 1
0 0 15 29 3
0 0 16 3 3
0 0 16 4 3
0 0 16 6 2
0 0 16 7 2
0 0 16 8 1
0 0 16 9 1
0 0 16 10 2
0 0 16 11 3
0 0 16 12 1
0 0 16 13 1
0 0 16 14 2
0 0 16 15 3
0 0 16 16 1
0 0 16 17 2
0 0 16 18 2
0 0 16 19 3
0 0 16 20 2
0 0 16 21 1
0 0 16 22 1
0 0 16 23 2
0 0 16 24 3
0 0 16 25 1
0 0 16 26 1
0 0 16 27 3
0 0 16 28 3
0 0 17 2 3
0 0 17 3 3
0 0 17 4 2
0 0 17 5 3
0 0 17 6 2
0 0 17 7 1
0 0 17 9 1
0 0 17 10 2
0 0 17 11 1
0 0 17 12 2
0 0 17 13 1
0 0 17 14 1
0 0 17 15 1
0 0 17 16 2
0 0 17 17 3
0 0 17 18 3
0 0 17 19 3
0 0 17 20 1
0 0 17 21 3
0 0 17 22 2
0 0 17 23 1
0 0 17 24 3
0 0 17 25 3
0 0 17 26 2
0 0 17 27 3
0 0 17 28 2
0 0 17 29 3
0 0 18 4 3
0 0 18 5 3
0 0 18 6 1
0 0 18 7 1
0 0 18 9 2
0 0 18 10 3
0 0 18 11 2
0 0 18 12 1
0 0 18 13 2
0 0 18 14 1
0 0 18 15 1
0 0 18 16 3
0 0 18 17 1
0 0 18 18 2
0 0 18 19 3
0 0 18 20 2
0 0 18 21 2
0 0 18 22 1
0 0 18 23 2
0 0 18 24 3
0 0 18 25 2
0 0 18 26 2
0 0 18 27 1
0 0 18 28 3
0 0 19 7 2
0 0 19 8 1
0 0 19 9 3
0 0 19 10 3
0 0 19 11 3
0 0 19 12 2
0 0 19 13 1
0 0 19 14 2
0 0 19 15 2
0 0 19 16 3
0 0 19 17 1
0 0 19 18 2
0 0 19 19 3
0 0 19 20 1
0 0 19 21 1
0 0 19 22 2
0 0 19 23 1
0 0 19 24 2
0 0 19 25 3
0 0 19 26 1
0 0 19 27 1
0 0 20 7 1
0 0 20 11 1
0 0 20 12 1
0 0 20 13 2
0 0 20 14 3
0 0 20 15 1
0 0 20 16 1
0 0 20 17 3
0 0 20 18 1
0 0 20 19 2
0 0 20 20 3
0 0 20 21 1
0 0 20 22 1
0 0 20 23 1
0 0 20 24 2
0 0 20 25 3
0 0 20 26 1
0 0 20 27 2
0 0 21 6 1
0 0 21 7 2
0 0 21 9 3
0 0 21 10 3
0 0 21 11 3
0 0 21 12 1
0 0 21 13 1
0 0 21 14 1
0 0 21 15 1
0 0 21 17 3
0 0 21 18 2
0 0 21 19 1
0 0 21 20 2
0 0 21 21 3
0 0 21 22 1
0 0 21 23 1
0 0 21 24 1
0 0 21 25 2
0 0 21 26 1
0 0 21 27 1
0 0 21 28 1
0 0 22 7 1
0 0 22 8 2
0 0 22 9 1
0 0 22 10 2
0 0 22 11 3
0 0 22 12 1
0 0 22 13 1
0 0 22 14 2
0 0 22 15 2
0 0 22 16 2
0 0 22 17 1
0 0 22 18 3
0 0 22 19 3
0 0 22 20 3
0 0 22 21 1
0 0 22 22 3
0 0 22 23 1
0 0 22 24 2
0 0 22 25 3
0 0 22 26 1
0 0 22 27 2
0 0 22 28 2
0 0 22 29 1
0 0 22 30 3
0 0 23 8 2
0 0 23 9 1
0 0 23 10 2
0 0 23 11 3
0 0 23 12 1
0 0 23 13 1
0 0 23 14 3
0 0 23 15 2
0 0 23 16 1
0 0 23 17 2
0 0 23 18 2
0 0 23 19 1
0 0 23 20 2
0 0 23 21 3
0 0 23 22 1
0 0 23 23 1
0 0 23 24 1
0 0 23 25 2
0 0 23 26 1
0 0 23 27 2
0 0 23 28 1
0 0 23 29 2
0 0 24 8 3
0 0 24 9 1
0 0 24 10 1
0 0 24 11 2
0 0 24 12 1
0 0 24 13 2
0 0 24 14 1
0 0 24 15 1
0 0 24 16 3
0 0 24 17 3
0 0 24 18 2
0 0 24 19 3
0 0 24 20 1
0 0 24 21 2
0 0 24 22 1
0 0 24 23 2
0 0 24 24 1
0 0 24 25 3
0 0 24 26 3
0 0 24 27 3
0 0 24 28 3
0 0 24 29 1
0 0 24 30 3
0 0 25 8 1
0 0 25 10 2
0 0 25 11 1
0 0 25 12 1
0 0 25 13 2
0 0 25 14 2
0 0 25 15 1
0 0 25 16 1
0 0 25 17 1
0 0 25 18 1
0 0 25 19 1
0 0 25 20 2
0 0 25 21 1
0 0 25 22 1
0 0 25 23 3
0 0 25 24 1
0 0 25 25 2
0 0 25 26 3
0 0 25 27 2
0 0 25 28 3
0 0 25 29 3
0 0 25 30 2
0 0 26 8 2
0 0 26 9 1
0 0 26 10 3
0 0 26 11 1
0 0 26 12 2
0 0 26 13 1
0 0 26 14 1
0 0 26 15 1
0 0 26 16 2
0 0 26 17 2
0 0 26 18 2
0 0 26 19 3
0 0 26 20 3
0 0 26 21 3
0 0 26 22 3
0 0 26 25 1
0 0 26 27 3
0 0 26 28 2
0 0 26 29 2
0 0 26 30 1
0 0 27 11 3
0 0 27 12 1
0 0 27 13 2
0 0 27 14 3
0 0 27 15 2
0 0 27 16 1
0 0 27 18 3
0 0 27 19 2
0 0 27 20 1
0 0 27 21 1
0 0 27 22 3
0 0 27 27 2
0 0 27 28 3
0 0 27 29 3
0 0 28 11 3
0 0 28 12 1
0 0 28 13 2
0 0 28 14 3
0 0 28 15 1
0 0 28 17 3
0 0 28 18 2
0 0 28 19 1
0 0 28 20 2
0 0 28 21 2
0 0 28 22 3
0 0 29 11 3
0 0 29 12 2
0 0 29 13 3
0 0 29 17 3
0 0 29 18 1
0 0 29 19 2
0 0 29 20 3
0 0 30 12 3
0 0 30 15 1
0 0 30 16 2
0 0 30 17 3
0 0 30 18 2
0 0 30 19 3
0 0 31 16 1
0 0 31 18 3
