0 0 0 17 2
0 0 1 5 1
0 0 1 11 2
0 0 1 15 2
0 0 1 16 1
0 0 1 17 2
0 0 1 18 2
0 0 2 4 2
0 0 2 5 1
0 0 2 6 2
0 0 2 9 2
0 0 2 10 1
0 0 2 11 2
0 0 2 12 2
0 0 2 17 1
0 0 2 18 1
0 0 2 19 1
0 0 3 3 2
0 0 3 4 1
0 0 3 5 1
0 0 3 6 2
0 0 3 7 1
0 0 3 11 1
0 0 3 12 1
0 0 3 13 1
0 0 3 14 1
0 0 3 15 1
0 0 3 16 2
0 0 3 17 2
0 0 3 18 1
0 0 3 22 1
0 0 4 3 2
0 0 4 4 1
0 0 4 5 2
0 0 4 6 2
0 0 4 7 1
0 0 4 8 2
0 0 4 9 1
0 0 4 10 1
0 0 4 11 2
0 0 4 12 2
0 0 4 16 1
0 0 4 17 2
0 0 4 18 1
0 0 4 19 2
0 0 4 21 2
0 0 4 22 1
0 0 4 23 2
0 0 4 25 1
0 0 5 2 2
0 0 5 3 2
0 0 5 4 1
0 0 5 5 2
0 0 5 6 1
0 0 5 7 1
0 0 5 8 2
0 0 5 9 1
0 0 5 10 1
0 0 5 11 2
0 0 5 16 2
0 0 5 17 2
0 0 5 18 1
0 0 5 19 2
0 0 5 20 2
0 0 5 21 2
0 0 5 22 1
0 0 5 23 2
0 0 5 24 1
0 0 5 25 1
0 0 6 1 1
0 0 6 2 1
0 0 6 3 1
0 0 6 4 1
0 0 6 5 2
0 0 6 6 1
0 0 6 7 2
0 0 6 8 2
0 0 6 9 2
0 0 6 10 2
0 0 6 11 2
0 0 6 12 2
0 0 6 13 2
0 0 6 17 1
0 0 6 19 2
0 0 6 20 1
0 0 6 21 1
0 0 6 22 1
0 0 6 23 2
0 0 6 24 1
0 0 6 25 2
0 0 6 28 2
0 0 7 2 2
0 0 7 3 2
0 0 7 4 1
0 0 7 5 1
0 0 7 6 1
0 0 7 7 1
0 0 7 8 2
0 0 7 9 1
0 0 7 10 2
0 0 7 11 2
0 0 7 12 1
0 0 7 13 1
0 0 7 14 2
0 0 7 17 2
0 0 7 19 1
0 0 7 20 2
0 0 7 21 2
0 0 7 22 1
0 0 7 23 1
0 0 7 24 1
0 0 7 25 1
0 0 7 26 2
0 0 7 27 1
0 0 7 28 2
0 0 7 29 2
0 0 8 1 2
0 0 8 2 2
0 0 8 3 2
0 0 8 4 1
0 0 8 5 1
0 0 8 6 1
0 0 8 7 2
0 0 8 8 1
0 0 8 9 2
0 0 8 10 1
0 0 8 11 1
0 0 8 12 1
0 0 8 13 1
0 0 8 14 1
0 0 8 15 1
0 0 8 18 2
0 0 8 19 1
0 0 8 20 1
0 0 8 21 2
0 0 8 22 2
0 0 8 23 1
0 0 8 24 2
0 0 8 25 2
0 0 8 26 2
0 0 8 27 2
0 0 8 28 1
0 0 8 29 1
0 0 8 30 1
0 0 9 0 1
0 0 9 1 1
0 0 9 2 1
0 0 9 3 1
0 0 9 4 1
0 0 9 5 1
0 0 9 6 2
0 0 9 7 2
0 0 9 8 1
0 0 9 9 2
0 0 9 10 2
0 0 9 11 2
0 0 9 12 1
0 0 9 13 2
0 0 9 14 2
0 0 9 18 1
0 0 9 19 1
0 0 9 21 1
0 0 9 22 2
0 0 9 23 2
0 0 9 24 2
0 0 9 25 1
0 0 9 26 2
0 0 9 27 2
0 0 9 28 2
0 0 9 29 2
0 0 10 1 2
0 0 10 2 2
0 0 10 3 1
0 0 10 4 2
0 0 10 5 2
0 0 10 6 2
0 0 10 7 1
0 0 10 8 2
0 0 10 9 1
0 0 10 10 1
0 0 10 11 2
0 0 10 12 1
0 0 10 13 1
0 0 10 15 2
0 0 10 16 2
0 0 10 17 2
0 0 10 18 2
0 0 10 19 2
0 0 10 20 1
0 0 10 21 2
0 0 10 22 2
0 0 10 23 1
0 0 10 24 1
0 0 10 25 1
0 0 10 26 1
0 0 10 27 1
0 0 10 28 1
0 0 10 29 2
0 0 11 2 2
0 0 11 4 2
0 0 11 5 1
0 0 11 7 2
0 0 11 8 1
0 0 11 9 1
0 0 11 10 2
0 0 11 11 1
0 0 11 12 1
0 0 11 13 1
0 0 11 15 1
0 0 11 16 1
0 0 11 17 1
0 0 11 18 1
0 0 11 19 2
0 0 11 20 2
0 0 11 21 2
0 0 11 22 2
0 0 11 23 1
0 0 11 24 1
0 0 11 25 2
0 0 11 26 2
0 0 11 27 2
0 0 11 28 1
0 0 11 29 2
0 0 11 30 2
0 0 12 5 1
0 0 12 8 2
0 0 12 9 1
0 0 12 10 1
0 0 12 11 2
0 0 12 12 2
0 0 12 13 1
0 0 12 14 2
0 0 12 15 2
0 0 12 16 2
0 0 12 17 2
0 0 12 18 2
0 0 12 19 1
0 0 12 20 2
0 0 12 21 1
0 0 12 22 2
0 0 12 23 2
0 0 12 24 1
0 0 12 25 2
0 0 12 26 1
0 0 12 27 1
0 0 12 28 1
0 0 12 29 2
0 0 13 5 2
0 0 13 8 1
0 0 13 9 2
0 0 13 10 2
0 0 13 11 1
0 0 13 12 2
0 0 13 13 2
0 0 13 14 2
0 0 13 15 1
0 0 13 16 2
0 0 13 17 1
0 0 13 18 2
0 0 13 19 1
0 0 13 20 2
0 0 13 21 1
0 0 13 22 1
0 0 13 23 1
0 0 13 24 1
0 0 13 25 1
0 0 13 26 1
0 0 13 27 1
0 0 13 28 1
0 0 13 29 1
0 0 13 30 2
0 0 14 8 1
0 0 14 9 2
0 0 14 10 1
0 0 14 11 2
0 0 14 12 2
0 0 14 13 1
0 0 14 14 2
0 0 14 15 1
0 0 14 16 1
0 0 14 17 1
0 0 14 18 1
0 0 14 19 1
0 0 14 20 1
0 0 14 21 2
0 0 14 22 2
0 0 14 23 2
0 0 14 24 1
0 0 14 25 2
0 0 14 26 2
0 0 14 27 2
0 0 14 28 1
0 0 14 29 2
0 0 14 30 2
0 0 15 9 2
0 0 15 10 1
0 0 15 11 2
0 0 15 12 1
0 0 15 13 2
0 0 15 14 1
0 0 15 15 1
0 0 15 16 2
0 0 15 17 2
0 0 15 18 2
0 0 15 19 1
0 0 15 20 1
0 0 15 21 1
0 0 15 22 1
0 0 15 23 2
0 0 15 24 1
0 0 15 25 2
0 0 15 26 1
0 0 15 27 2
0 0 15 28 1
0 0 15 29 2
0 0 16 8 2
0 0 16 9 2
0 0 16 10 1
0 0 16 11 2
0 0 16 12 2
0 0 16 13 1
0 0 16 14 1
0 0 16 15 1
0 0 16 16 2
0 0 16 17 1
0 0 16 18 2
0 0 16 19 2
0 0 16 20 1
0 0 16 21 1
0 0 16 22 2
0 0 16 23 1
0 0 16 24 1
0 0 16 25 2
0 0 16 26 1
0 0 16 28 1
0 0 17 9 1
0 0 17 10 1
0 0 17 11 1
0 0 17 12 1
0 0 17 13 2
0 0 17 14 2
0 0 17 15 2
0 0 17 16 1
0 0 17 17 2
0 0 17 18 1
0 0 17 19 2
0 0 17 22 2
0 0 17 23 1
0 0 17 24 2
0 0 17 25 1
0 0 17 26 1
0 0 17 28 1
0 0 18 8 1
0 0 18 9 1
0 0 18 10 2
0 0 18 11 2
0 0 18 12 1
0 0 18 13 2
0 0 18 14 2
0 0 18 15 2
0 0 18 16 1
0 0 18 17 2
0 0 18 19 1
0 0 18 23 1
0 0 18 25 1
0 0 18 26 1
0 0 18 27 2
0 0 18 28 1
0 0 18 30 2
0 0 19 5 1
0 0 19 9 2
0 0 19 10 1
0 0 19 11 2
0 0 19 12 2
0 0 19 13 2
0 0 19 14 2
0 0 19 15 1
0 0 19 16 2
0 0 19 17 1
0 0 19 18 1
0 0 19 19 2
0 0 19 20 1
0 0 19 26 2
0 0 19 27 1
0 0 19 28 2
0 0 19 30 1
0 0 20 4 2
0 0 20 5 1
0 0 20 6 2
0 0 20 9 2
0 0 20 10 1
0 0 20 11 2
0 0 20 12 1
0 0 20 13 2
0 0 20 14 1
0 0 20 15 2
0 0 20 16 2
0 0 20 17 2
0 0 20 19 2
0 0 20 20 1
0 0 20 21 2
0 0 20 24 2
0 0 20 25 1
0 0 20 26 2
0 0 20 27 2
0 0 20 28 2
0 0 20 29 1
0 0 20 30 2
0 0 20 31 2
0 0 21 3 2
0 0 21 4 2
0 0 21 5 1
0 0 21 6 2
0 0 21 7 1
0 0 21 10 2
0 0 21 11 1
0 0 21 12 1
0 0 21 13 1
0 0 21 14 1
0 0 21 15 2
0 0 21 16 1
0 0 21 18 2
0 0 21 19 2
0 0 21 20 1
0 0 21 21 2
0 0 21 22 1
0 0 21 26 1
0 0 21 27 1
0 0 21 28 1
0 0 21 29 1
0 0 21 30 2
0 0 22 4 1
0 0 22 5 2
0 0 22 6 2
0 0 22 7 1
0 0 22 8 1
0 0 22 9 1
0 0 22 10 2
0 0 22 11 2
0 0 22 12 2
0 0 22 14 1
0 0 22 19 1
0 0 22 20 2
0 0 22 21 2
0 0 22 22 1
0 0 22 23 1
0 0 22 24 1
0 0 22 25 2
0 0 22 26 2
0 0 22 27 2
0 0 22 28 2
0 0 22 29 1
0 0 23 4 2
0 0 23 5 1
0 0 23 6 1
0 0 23 8 1
0 0 23 9 2
0 0 23 10 1
0 0 23 11 1
0 0 23 19 2
0 0 23 20 1
0 0 23 21 1
0 0 23 23 1
0 0 23 24 2
0 0 23 25 1
0 0 23 26 1
0 0 24 1 1
0 0 24 2 1
0 0 24 3 2
0 0 24 4 1
0 0 24 5 2
0 0 24 6 2
0 0 24 7 1
0 0 24 8 2
0 0 24 16 1
0 0 24 17 1
0 0 24 18 2
0 0 24 19 1
0 0 24 20 2
0 0 24 21 2
0 0 24 22 1
0 0 24 23 2
0 0 25 2 1
0 0 25 3 1
0 0 25 4 1
0 0 25 5 1
0 0 25 6 2
0 0 25 7 2
0 0 25 17 1
0 0 25 18 1
0 0 25 19 1
0 0 25 20 1
0 0 25 21 2
0 0 25 22 2
0 0 26 1 2
0 0 26 2 2
0 0 26 3 2
0 0 26 4 1
0 0 26 5 1
0 0 26 6 1
0 0 26 16 2
0 0 26 17 2
0 0 26 18 2
0 0 26 19 1
0 0 26 20 1
0 0 26 21 1
0 0 27 0 1
0 0 27 1 1
0 0 27 2 1
0 0 27 3 1
0 0 27 4 1
0 0 27 15 1
0 0 27 16 1
0 0 27 17 1
0 0 27 18 1
0 0 27 19 1
0 0 28 1 2
0 0 28 2 2
0 0 28 3 1
0 0 28 4 2
0 0 28 5 2
0 0 28 16 2
0 0 28 17 2
0 0 28 18 1
0 0 28 19 2
0 0 28 20 2
0 0 29 2 2
0 0 29 4 2
0 0 29 17 2
0 0 29 19 2
