0 0 1 11 2
0 0 2 11 1
0 0 2 12 2
0 0 2 13 2
0 0 2 14 1
0 0 2 15 1
0 0 3 11 2
0 0 3 12 1
0 0 3 13 1
0 0 3 14 2
0 0 3 15 2
0 0 3 16 1
0 0 3 17 2
0 0 3 21 2
0 0 3 23 1
0 0 3 24 2
0 0 3 25 1
0 0 3 26 1
0 0 4 8 1
0 0 4 10 2
0 0 4 11 1
0 0 4 12 2
0 0 4 14 2
0 0 4 15 2
0 0 4 16 1
0 0 4 17 2
0 0 4 20 1
0 0 4 21 1
0 0 4 22 2
0 0 4 23 2
0 0 4 24 1
0 0 4 25 1
0 0 5 8 1
0 0 5 9 2
0 0 5 10 2
0 0 5 11 2
0 0 5 12 1
0 0 5 13 1
0 0 5 14 1
0 0 5 15 1
0 0 5 16 2
0 0 5 17 1
0 0 5 19 2
0 0 5 20 2
0 0 5 21 2
0 0 5 22 2
0 0 5 23 1
0 0 5 24 2
0 0 5 25 1
0 0 5 26 1
0 0 6 6 2
0 0 6 7 1
0 0 6 8 2
0 0 6 9 1
0 0 6 10 1
0 0 6 11 1
0 0 6 12 2
0 0 6 13 1
0 0 6 14 2
0 0 6 15 1
0 0 6 16 1
0 0 6 17 1
0 0 6 19 2
0 0 6 20 1
0 0 6 21 1
0 0 6 22 1
0 0 6 23 2
0 0 6 24 2
0 0 6 25 2
0 0 6 26 2
0 0 7 10 2
0 0 7 11 1
0 0 7 12 2
0 0 7 13 2
0 0 7 14 1
0 0 7 15 2
0 0 7 16 2
0 0 7 17 1
0 0 7 18 2
0 0 7 19 2
0 0 7 20 2
0 0 7 21 2
0 0 7 22 2
0 0 7 23 1
0 0 7 24 1
0 0 7 25 2
0 0 7 26 2
0 0 7 27 2
0 0 7 28 2
0 0 8 6 1
0 0 8 8 1
0 0 8 9 2
0 0 8 10 2
0 0 8 11 2
0 0 8 12 2
0 0 8 13 2
0 0 8 14 1
0 0 8 15 2
0 0 8 16 2
0 0 8 17 1
0 0 8 18 1
0 0 8 19 2
0 0 8 20 2
0 0 8 21 1
0 0 8 22 2
0 0 8 23 2
0 0 8 24 1
0 0 8 25 1
0 0 8 26 1
0 0 8 27 2
0 0 8 28 2
0 0 8 29 1
0 0 8 30 2
0 0 8 31 2
0 0 9 6 2
0 0 9 7 1
0 0 9 8 2
0 0 9 9 2
0 0 9 10 1
0 0 9 11 1
0 0 9 12 2
0 0 9 13 1
0 0 9 14 2
0 0 9 15 2
0 0 9 16 1
0 0 9 17 1
0 0 9 18 2
0 0 9 19 2
0 0 9 20 1
0 0 9 21 1
0 0 9 22 1
0 0 9 23 2
0 0 9 24 2
0 0 9 25 1
0 0 9 26 2
0 0 9 27 1
0 0 9 28 1
0 0 9 29 1
0 0 10 6 2
0 0 10 7 2
0 0 10 8 1
0 0 10 10 2
0 0 10 11 2
0 0 10 12 1
0 0 10 13 1
0 0 10 14 1
0 0 10 15 2
0 0 10 16 2
0 0 10 17 1
0 0 10 18 2
0 0 10 19 1
0 0 10 20 2
0 0 10 21 2
0 0 10 22 1
0 0 10 23 1
0 0 10 24 1
0 0 10 25 2
0 0 10 26 2
0 0 10 27 1
0 0 10 28 1
0 0 10 29 1
0 0 10 30 2
0 0 11 6 1
0 0 11 7 2
0 0 11 8 1
0 0 11 9 1
0 0 11 10 2
0 0 11 11 2
0 0 11 12 2
0 0 11 13 2
0 0 11 14 2
0 0 11 15 1
0 0 11 16 2
0 0 11 17 1
0 0 11 18 1
0 0 11 19 2
0 0 11 20 2
0 0 11 21 1
0 0 11 22 1
0 0 11 23 1
0 0 11 24 2
0 0 11 25 2
0 0 11 26 1
0 0 11 27 2
0 0 11 28 1
0 0 11 31 2
0 0 12 6 2
0 0 12 7 2
0 0 12 8 1
0 0 12 9 2
0 0 12 10 2
0 0 12 11 1
0 0 12 12 2
0 0 12 13 2
0 0 12 14 1
0 0 12 15 1
0 0 12 16 1
0 0 12 17 2
0 0 12 18 1
0 0 12 19 1
0 0 12 20 1
0 0 12 21 2
0 0 12 22 1
0 0 12 23 1
0 0 12 24 2
0 0 12 25 1
0 0 12 26 2
0 0 12 28 1
0 0 12 29 1
0 0 12 30 2
0 0 12 31 2
0 0 13 6 2
0 0 13 7 1
0 0 13 8 2
0 0 13 9 1
0 0 13 10 1
0 0 13 11 1
0 0 13 12 1
0 0 13 13 1
0 0 13 14 1
0 0 13 15 2
0 0 13 16 1
0 0 13 17 1
0 0 13 18 1
0 0 13 19 1
0 0 13 20 1
0 0 13 21 2
0 0 13 22 2
0 0 13 23 2
0 0 13 24 2
0 0 13 25 2
0 0 13 26 2
0 0 13 27 2
0 0 13 28 1
0 0 13 29 2
0 0 13 30 1
0 0 13 31 1
0 0 14 6 1
0 0 14 7 1
0 0 14 8 2
0 0 14 9 1
0 0 14 10 2
0 0 14 11 2
0 0 14 12 1
0 0 14 13 2
0 0 14 14 1
0 0 14 15 1
0 0 14 16 2
0 0 14 17 2
0 0 14 18 1
0 0 14 19 2
0 0 14 20 2
0 0 14 21 1
0 0 14 22 2
0 0 14 23 2
0 0 14 24 1
0 0 14 25 2
0 0 14 26 1
0 0 14 27 1
0 0 14 28 1
0 0 14 29 2
0 0 14 30 1
0 0 14 31 2
0 0 15 6 2
0 0 15 7 1
0 0 15 8 2
0 0 15 9 2
0 0 15 10 1
0 0 15 11 2
0 0 15 12 2
0 0 15 13 1
0 0 15 14 1
0 0 15 15 2
0 0 15 16 2
0 0 15 17 1
0 0 15 18 1
0 0 15 19 2
0 0 15 20 1
0 0 15 21 1
0 0 15 22 1
0 0 15 23 1
0 0 15 24 1
0 0 15 25 2
0 0 15 26 1
0 0 15 27 2
0 0 15 28 2
0 0 15 29 1
0 0 16 6 2
0 0 16 7 2
0 0 16 9 2
0 0 16 10 2
0 0 16 11 2
0 0 16 12 2
0 0 16 13 1
0 0 16 14 1
0 0 16 15 2
0 0 16 16 2
0 0 16 17 1
0 0 16 18 1
0 0 16 19 1
0 0 16 20 2
0 0 16 21 2
0 0 16 22 1
0 0 16 23 2
0 0 16 24 2
0 0 16 25 1
0 0 16 26 2
0 0 16 27 2
0 0 16 29 1
0 0 17 6 2
0 0 17 7 2
0 0 17 8 1
0 0 17 9 1
0 0 17 10 1
0 0 17 11 1
0 0 17 12 2
0 0 17 13 1
0 0 17 14 1
0 0 17 15 1
0 0 17 16 1
0 0 17 17 2
0 0 17 18 1
0 0 17 19 2
0 0 17 20 2
0 0 17 21 2
0 0 17 22 2
0 0 17 23 2
0 0 17 24 1
0 0 17 25 1
0 0 17 26 2
0 0 17 27 1
0 0 17 31 2
0 0 18 6 2
0 0 18 7 2
0 0 18 8 1
0 0 18 9 2
0 0 18 10 1
0 0 18 11 1
0 0 18 12 2
0 0 18 13 2
0 0 18 14 2
0 0 18 15 2
0 0 18 16 1
0 0 18 17 2
0 0 18 18 2
0 0 18 19 1
0 0 18 20 1
0 0 18 21 1
0 0 18 22 2
0 0 18 23 2
0 0 18 24 2
0 0 18 25 2
0 0 18 26 2
0 0 18 27 2
0 0 18 29 1
0 0 18 30 2
0 0 18 31 2
0 0 19 5 1
0 0 19 6 1
0 0 19 7 1
0 0 19 8 2
0 0 19 9 1
0 0 19 10 2
0 0 19 11 1
0 0 19 12 2
0 0 19 13 2
0 0 19 14 2
0 0 19 15 2
0 0 19 16 1
0 0 19 17 1
0 0 19 18 2
0 0 19 19 2
0 0 19 20 1
0 0 19 21 2
0 0 19 22 1
0 0 19 23 1
0 0 19 24 2
0 0 19 25 2
0 0 19 26 1
0 0 19 27 2
0 0 19 28 1
0 0 19 29 2
0 0 19 30 1
0 0 19 31 1
0 0 20 5 1
0 0 20 6 2
0 0 20 7 2
0 0 20 8 1
0 0 20 9 1
0 0 20 10 2
0 0 20 11 2
0 0 20 12 1
0 0 20 13 2
0 0 20 14 1
0 0 20 15 1
0 0 20 16 1
0 0 20 17 2
0 0 20 18 2
0 0 20 19 1
0 0 20 20 2
0 0 20 21 2
0 0 20 22 2
0 0 20 23 2
0 0 20 24 2
0 0 20 25 1
0 0 20 26 2
0 0 20 27 1
0 0 20 28 2
0 0 21 5 2
0 0 21 6 1
0 0 21 8 2
0 0 21 9 1
0 0 21 10 2
0 0 21 11 2
0 0 21 12 1
0 0 21 13 2
0 0 21 14 2
0 0 21 15 2
0 0 21 16 1
0 0 21 17 2
0 0 21 18 2
0 0 21 19 1
0 0 21 20 2
0 0 21 21 2
0 0 21 22 1
0 0 21 23 2
0 0 21 24 1
0 0 21 25 2
0 0 21 26 1
0 0 21 27 1
0 0 21 28 2
0 0 21 29 1
0 0 21 31 1
0 0 22 5 2
0 0 22 6 1
0 0 22 7 2
0 0 22 8 2
0 0 22 9 1
0 0 22 10 1
0 0 22 11 2
0 0 22 12 2
0 0 22 13 1
0 0 22 14 2
0 0 22 15 2
0 0 22 16 2
0 0 22 17 1
0 0 22 18 1
0 0 22 19 2
0 0 22 20 2
0 0 22 21 2
0 0 22 22 1
0 0 22 25 1
0 0 22 26 2
0 0 22 29 1
0 0 22 30 1
0 0 22 31 2
0 0 23 4 2
0 0 23 5 1
0 0 23 6 2
0 0 23 7 2
0 0 23 9 1
0 0 23 10 2
0 0 23 11 2
0 0 23 12 1
0 0 23 13 2
0 0 23 14 1
0 0 23 15 1
0 0 23 16 2
0 0 23 17 2
0 0 23 18 1
0 0 23 19 1
0 0 23 20 1
0 0 23 21 1
0 0 23 22 2
0 0 23 25 2
0 0 23 26 1
0 0 23 27 2
0 0 23 28 1
0 0 23 29 2
0 0 23 30 1
0 0 23 31 1
0 0 24 7 2
0 0 24 8 2
0 0 24 9 1
0 0 24 10 2
0 0 24 11 1
0 0 24 12 2
0 0 24 13 2
0 0 24 14 2
0 0 24 15 1
0 0 24 16 2
0 0 24 17 1
0 0 24 18 2
0 0 24 19 2
0 0 24 20 1
0 0 24 21 2
0 0 24 22 1
0 0 24 23 1
0 0 24 24 2
0 0 24 25 1
0 0 24 26 2
0 0 25 3 2
0 0 25 5 1
0 0 25 6 2
0 0 25 7 2
0 0 25 8 2
0 0 25 9 1
0 0 25 10 1
0 0 25 11 2
0 0 25 12 1
0 0 25 13 1
0 0 25 14 1
0 0 25 15 2
0 0 25 16 2
0 0 25 17 1
0 0 25 18 2
0 0 25 19 2
0 0 25 20 2
0 0 25 21 2
0 0 25 22 2
0 0 25 24 1
0 0 25 25 1
0 0 25 26 2
0 0 25 27 2
0 0 25 28 1
0 0 25 29 2
0 0 26 3 2
0 0 26 4 1
0 0 26 5 2
0 0 26 6 1
0 0 26 7 1
0 0 26 8 1
0 0 26 9 2
0 0 26 13 2
0 0 26 14 1
0 0 26 15 2
0 0 26 16 2
0 0 26 17 2
0 0 26 18 2
0 0 26 19 1
0 0 26 20 2
0 0 26 25 2
0 0 26 26 2
0 0 26 27 1
0 0 26 28 2
0 0 27 6 1
0 0 27 9 1
0 0 27 14 2
0 0 27 15 2
0 0 27 18 2
0 0 27 19 1
0 0 27 20 1
0 0 27 21 2
0 0 27 23 2
0 0 27 24 1
0 0 27 25 2
0 0 27 27 1
0 0 27 28 2
0 0 28 9 2
0 0 28 14 1
0 0 28 15 2
0 0 28 17 1
0 0 28 18 1
0 0 28 19 2
0 0 28 20 2
0 0 28 21 2
0 0 28 25 1
0 0 29 15 1
0 0 29 16 2
0 0 29 17 2
0 0 29 18 2
0 0 29 19 1
0 0 29 20 1
0 0 29 25 2
0 0 29 26 1
0 0 30 14 1
0 0 30 15 2
0 0 30 16 2
0 0 30 17 1
0 0 30 19 2
0 0 30 25 1
0 0 30 26 2
0 0 31 25 1
0 0 31 26 2
0 0 31 27 2
