0 0 1 14 2
0 0 1 16 1
0 0 1 21 2
0 0 2 13 2
0 0 2 14 2
0 0 2 16 2
0 0 2 17 1
0 0 2 18 1
0 0 2 20 2
0 0 2 21 2
0 0 2 23 2
0 0 2 24 1
0 0 3 5 2
0 0 3 13 1
0 0 3 14 2
0 0 3 15 2
0 0 3 16 1
0 0 3 17 2
0 0 3 18 1
0 0 3 19 2
0 0 3 20 1
0 0 3 21 2
0 0 3 22 2
0 0 3 23 1
0 0 3 24 2
0 0 3 25 2
0 0 4 5 1
0 0 4 6 2
0 0 4 7 1
0 0 4 10 1
0 0 4 13 2
0 0 4 14 1
0 0 4 15 2
0 0 4 16 2
0 0 4 17 1
0 0 4 18 2
0 0 4 19 1
0 0 4 20 1
0 0 4 21 1
0 0 4 22 1
0 0 4 23 2
0 0 4 24 2
0 0 4 25 1
0 0 4 26 2
0 0 5 4 2
0 0 5 5 2
0 0 5 6 1
0 0 5 7 1
0 0 5 8 1
0 0 5 10 2
0 0 5 11 1
0 0 5 12 2
0 0 5 13 1
0 0 5 14 2
0 0 5 15 2
0 0 5 16 1
0 0 5 17 2
0 0 5 18 2
0 0 5 19 1
0 0 5 20 2
0 0 5 21 2
0 0 5 22 1
0 0 5 23 1
0 0 5 24 1
0 0 5 25 2
0 0 5 26 2
0 0 5 27 1
0 0 5 28 2
0 0 6 3 2
0 0 6 4 2
0 0 6 5 2
0 0 6 6 1
0 0 6 7 2
0 0 6 8 2
0 0 6 9 2
0 0 6 10 1
0 0 6 11 2
0 0 6 12 1
0 0 6 13 2
0 0 6 14 1
0 0 6 15 2
0 0 6 16 2
0 0 6 17 1
0 0 6 18 2
0 0 6 19 1
0 0 6 20 2
0 0 6 21 2
0 0 6 22 1
0 0 6 23 2
0 0 6 24 1
0 0 6 25 1
0 0 6 26 1
0 0 6 27 2
0 0 7 3 2
0 0 7 4 2
0 0 7 5 1
0 0 7 6 1
0 0 7 7 2
0 0 7 8 2
0 0 7 9 2
0 0 7 10 2
0 0 7 11 2
0 0 7 12 1
0 0 7 13 1
0 0 7 14 2
0 0 7 15 1
0 0 7 16 1
0 0 7 17 2
0 0 7 18 1
0 0 7 19 1
0 0 7 20 1
0 0 7 21 2
0 0 7 22 2
0 0 7 23 1
0 0 7 24 2
0 0 7 25 1
0 0 7 26 1
0 0 7 27 1
0 0 8 2 2
0 0 8 3 1
0 0 8 4 2
0 0 8 5 2
0 0 8 6 1
0 0 8 7 1
0 0 8 8 2
0 0 8 9 1
0 0 8 10 1
0 0 8 11 1
0 0 8 12 2
0 0 8 13 1
0 0 8 14 2
0 0 8 15 1
0 0 8 16 1
0 0 8 17 1
0 0 8 18 1
0 0 8 19 2
0 0 8 20 2
0 0 8 21 2
0 0 8 22 1
0 0 8 23 2
0 0 8 24 1
0 0 8 25 2
0 0 8 26 1
0 0 9 3 2
0 0 9 4 1
0 0 9 5 1
0 0 9 6 2
0 0 9 7 2
0 0 9 8 1
0 0 9 9 2
0 0 9 10 1
0 0 9 11 2
0 0 9 12 1
0 0 9 13 2
0 0 9 14 1
0 0 9 15 2
0 0 9 16 2
0 0 9 17 1
0 0 9 18 2
0 0 9 19 1
0 0 9 20 2
0 0 9 21 2
0 0 9 22 2
0 0 9 23 2
0 0 9 24 1
0 0 9 25 2
0 0 10 1 2
0 0 10 2 2
0 0 10 3 2
0 0 10 4 1
0 0 10 5 2
0 0 10 6 1
0 0 10 7 2
0 0 10 8 2
0 0 10 9 2
0 0 10 10 1
0 0 10 11 2
0 0 10 12 2
0 0 10 13 1
0 0 10 14 1
0 0 10 15 2
0 0 10 16 1
0 0 10 17 2
0 0 10 18 1
0 0 10 19 1
0 0 10 20 2
0 0 10 21 2
0 0 10 22 1
0 0 10 23 1
0 0 10 24 2
0 0 10 25 1
0 0 10 26 2
0 0 10 27 1
0 0 11 2 2
0 0 11 3 1
0 0 11 4 2
0 0 11 5 1
0 0 11 6 2
0 0 11 7 1
0 0 11 8 1
0 0 11 9 1
0 0 11 10 2
0 0 11 11 1
0 0 11 12 1
0 0 11 13 2
0 0 11 14 2
0 0 11 15 1
0 0 11 16 2
0 0 11 17 1
0 0 11 18 1
0 0 11 19 1
0 0 11 20 2
0 0 11 21 2
0 0 11 22 1
0 0 11 23 2
0 0 11 24 1
0 0 11 25 2
0 0 11 26 1
0 0 12 3 2
0 0 12 4 1
0 0 12 5 2
0 0 12 6 1
0 0 12 7 2
0 0 12 8 2
0 0 12 9 2
0 0 12 10 2
0 0 12 11 1
0 0 12 12 2
0 0 12 13 1
0 0 12 14 2
0 0 12 15 2
0 0 12 16 2
0 0 12 17 1
0 0 12 18 2
0 0 12 19 2
0 0 12 20 2
0 0 12 21 1
0 0 12 22 2
0 0 12 23 1
0 0 12 24 2
0 0 12 25 2
0 0 12 26 2
0 0 13 2 1
0 0 13 3 2
0 0 13 4 2
0 0 13 5 2
0 0 13 6 1
0 0 13 7 2
0 0 13 8 1
0 0 13 9 2
0 0 13 10 2
0 0 13 11 2
0 0 13 12 1
0 0 13 13 2
0 0 13 14 1
0 0 13 15 2
0 0 13 16 1
0 0 13 17 2
0 0 13 18 1
0 0 13 19 2
0 0 13 20 2
0 0 13 21 2
0 0 13 22 2
0 0 13 23 1
0 0 13 24 2
0 0 13 25 2
0 0 13 26 1
0 0 14 2 1
0 0 14 3 2
0 0 14 4 2
0 0 14 5 1
0 0 14 6 2
0 0 14 7 1
0 0 14 8 2
0 0 14 9 2
0 0 14 10 1
0 0 14 11 1
0 0 14 12 1
0 0 14 13 2
0 0 14 14 2
0 0 14 15 1
0 0 14 16 1
0 0 14 17 1
0 0 14 18 2
0 0 14 19 2
0 0 14 20 1
0 0 14 21 1
0 0 14 22 1
0 0 14 23 2
0 0 14 24 1
0 0 14 25 2
0 0 14 26 1
0 0 15 1 1
0 0 15 2 2
0 0 15 3 1
0 0 15 4 2
0 0 15 5 1
0 0 15 6 1
0 0 15 7 1
0 0 15 8 2
0 0 15 9 2
0 0 15 10 1
0 0 15 11 1
0 0 15 12 2
0 0 15 13 1
0 0 15 14 1
0 0 15 15 2
0 0 15 16 1
0 0 15 17 2
0 0 15 18 1
0 0 15 19 2
0 0 15 20 2
0 0 15 21 1
0 0 15 22 2
0 0 15 23 1
0 0 15 24 2
0 0 15 25 1
0 0 15 26 2
0 0 15 27 2
0 0 16 3 2
0 0 16 4 1
0 0 16 5 2
0 0 16 6 2
0 0 16 7 2
0 0 16 8 2
0 0 16 9 1
0 0 16 10 2
0 0 16 11 2
0 0 16 12 1
0 0 16 13 1
0 0 16 14 2
0 0 16 15 1
0 0 16 16 2
0 0 16 17 1
0 0 16 18 2
0 0 16 19 1
0 0 16 20 1
0 0 16 21 2
0 0 16 22 2
0 0 16 23 2
0 0 16 24 1
0 0 16 25 1
0 0 17 1 2
0 0 17 2 2
0 0 17 3 2
0 0 17 4 1
0 0 17 5 2
0 0 17 6 1
0 0 17 7 2
0 0 17 8 2
0 0 17 9 2
0 0 17 10 1
0 0 17 11 1
0 0 17 12 2
0 0 17 13 2
0 0 17 14 1
0 0 17 15 2
0 0 17 16 2
0 0 17 17 1
0 0 17 18 1
0 0 17 19 2
0 0 17 20 1
0 0 17 21 1
0 0 17 22 1
0 0 17 23 1
0 0 17 24 2
0 0 17 25 1
0 0 18 2 2
0 0 18 3 1
0 0 18 4 2
0 0 18 5 1
0 0 18 6 2
0 0 18 7 2
0 0 18 8 1
0 0 18 9 1
0 0 18 10 1
0 0 18 11 2
0 0 18 12 1
0 0 18 13 2
0 0 18 14 1
0 0 18 15 2
0 0 18 16 1
0 0 18 17 2
0 0 18 18 2
0 0 18 19 2
0 0 18 20 1
0 0 18 21 2
0 0 18 22 2
0 0 18 23 1
0 0 18 24 1
0 0 18 25 2
0 0 19 5 1
0 0 19 6 2
0 0 19 7 1
0 0 19 8 2
0 0 19 9 1
0 0 19 10 2
0 0 19 11 1
0 0 19 12 2
0 0 19 13 2
0 0 19 14 1
0 0 19 15 1
0 0 19 16 2
0 0 19 17 1
0 0 19 18 2
0 0 19 19 2
0 0 19 20 2
0 0 19 21 2
0 0 19 22 2
0 0 19 23 1
0 0 19 24 2
0 0 19 25 2
0 0 19 26 2
0 0 20 6 1
0 0 20 7 1
0 0 20 8 2
0 0 20 9 2
0 0 20 10 1
0 0 20 11 1
0 0 20 12 2
0 0 20 13 2
0 0 20 14 2
0 0 20 15 1
0 0 20 16 1
0 0 20 17 1
0 0 20 18 2
0 0 20 19 1
0 0 20 20 2
0 0 20 21 1
0 0 20 22 1
0 0 20 23 1
0 0 20 24 2
0 0 21 6 2
0 0 21 7 1
0 0 21 8 1
0 0 21 9 1
0 0 21 10 1
0 0 21 11 1
0 0 21 12 2
0 0 21 13 2
0 0 21 14 1
0 0 21 15 2
0 0 21 16 1
0 0 21 17 1
0 0 21 18 2
0 0 21 19 2
0 0 21 20 1
0 0 21 21 2
0 0 21 22 1
0 0 21 23 2
0 0 21 24 1
0 0 21 25 2
0 0 22 5 2
0 0 22 6 1
0 0 22 7 2
0 0 22 8 2
0 0 22 9 1
0 0 22 10 2
0 0 22 11 1
0 0 22 12 1
0 0 22 13 1
0 0 22 14 1
0 0 22 15 2
0 0 22 16 1
0 0 22 17 2
0 0 22 18 1
0 0 22 19 1
0 0 22 20 2
0 0 22 21 1
0 0 22 22 1
0 0 22 23 2
0 0 22 24 2
0 0 22 25 1
0 0 23 7 2
0 0 23 8 2
0 0 23 9 2
0 0 23 10 1
0 0 23 11 2
0 0 23 12 2
0 0 23 13 1
0 0 23 14 2
0 0 23 15 1
0 0 23 16 2
0 0 23 17 1
0 0 23 18 2
0 0 23 19 2
0 0 23 20 1
0 0 23 21 1
0 0 23 22 2
0 0 23 23 1
0 0 23 24 2
0 0 24 8 2
0 0 24 9 2
0 0 24 10 1
0 0 24 11 2
0 0 24 12 2
0 0 24 13 2
0 0 24 14 1
0 0 24 15 1
0 0 24 16 1
0 0 24 17 2
0 0 24 18 2
0 0 24 19 1
0 0 24 20 1
0 0 24 21 1
0 0 24 22 2
0 0 24 23 2
0 0 25 10 2
0 0 25 12 2
0 0 25 13 2
0 0 25 15 1
0 0 25 16 1
0 0 25 17 1
0 0 25 19 2
0 0 25 20 1
0 0 25 21 2
0 0 25 22 1
0 0 26 12 2
0 0 26 17 1
0 0 26 19 2
0 0 26 22 2
