0 0 0 15 1
0 0 0 19 1
0 0 0 20 2
0 0 0 21 1
0 0 1 4 1
0 0 1 11 3
0 0 1 14 2
0 0 1 15 2
0 0 1 19 2
0 0 1 21 1
0 0 1 22 1
0 0 2 3 1
0 0 2 4 1
0 0 2 9 1
0 0 2 10 2
0 0 2 11 1
0 0 2 13 1
0 0 2 14 1
0 0 2 15 1
0 0 2 16 2
0 0 2 17 2
0 0 2 18 1
0 0 2 19 2
0 0 2 20 1
0 0 3 3 2
0 0 3 9 2
0 0 3 13 2
0 0 3 14 2
0 0 3 15 2
0 0 3 16 2
0 0 3 17 1
0 0 3 18 2
0 0 3 19 1
0 0 3 20 1
0 0 3 21 1
0 0 4 3 1
0 0 4 4 2
0 0 4 5 2
0 0 4 6 1
0 0 4 8 1
0 0 4 9 2
0 0 4 12 1
0 0 4 13 2
0 0 4 14 1
0 0 4 15 2
0 0 4 16 2
0 0 4 17 3
0 0 4 18 2
0 0 5 2 1
0 0 5 5 1
0 0 5 6 1
0 0 5 7 2
0 0 5 8 2
0 0 5 9 1
0 0 5 11 1
0 0 5 12 2
0 0 5 13 1
0 0 5 14 2
0 0 5 15 2
0 0 5 16 1
0 0 5 17 3
0 0 5 18 1
0 0 6 1 1
0 0 6 2 1
0 0 6 5 2
0 0 6 6 1
0 0 6 7 2
0 0 6 8 1
0 0 6 9 2
0 0 6 10 2
0 0 6 11 2
0 0 6 12 2
0 0 6 13 2
0 0 6 14 2
0 0 6 15 1
0 0 6 16 2
0 0 6 17 2
0 0 7 1 1
0 0 7 5 1
0 0 7 6 2
0 0 7 7 2
0 0 7 8 1
0 0 7 9 1
0 0 7 10 1
0 0 7 11 2
0 0 7 12 1
0 0 7 13 1
0 0 7 14 2
0 0 7 15 1
0 0 7 16 1
0 0 8 0 1
0 0 8 1 1
0 0 8 2 2
0 0 8 3 1
0 0 8 4 2
0 0 8 5 1
0 0 8 6 2
0 0 8 7 1
0 0 8 8 2
0 0 8 9 1
0 0 8 10 2
0 0 8 11 1
0 0 8 12 2
0 0 8 13 2
0 0 8 14 1
0 0 8 15 1
0 0 8 16 3
0 0 8 20 1
0 0 8 21 2
0 0 8 22 1
0 0 9 0 2
0 0 9 3 3
0 0 9 4 2
0 0 9 5 2
0 0 9 6 1
0 0 9 7 2
0 0 9 8 1
0 0 9 9 1
0 0 9 10 1
0 0 9 11 2
0 0 9 12 1
0 0 9 13 2
0 0 9 14 2
0 0 9 15 3
0 0 9 16 2
0 0 9 20 2
0 0 9 21 1
0 0 9 22 1
0 0 9 23 1
0 0 9 24 1
0 0 9 25 1
0 0 9 26 2
0 0 9 27 1
0 0 9 28 1
0 0 9 29 2
0 0 9 30 1
0 0 10 0 1
0 0 10 1 2
0 0 10 2 2
0 0 10 3 1
0 0 10 4 1
0 0 10 5 1
0 0 10 6 2
0 0 10 7 2
0 0 10 8 2
0 0 10 11 2
0 0 10 12 2
0 0 10 13 1
0 0 10 14 2
0 0 10 15 1
0 0 10 16 1
0 0 10 17 2
0 0 10 18 2
0 0 10 19 1
0 0 10 20 2
0 0 10 21 1
0 0 10 23 2
0 0 10 24 2
0 0 10 25 2
0 0 10 27 1
0 0 10 28 1
0 0 10 30 1
0 0 10 31 1
0 0 11 2 3
0 0 11 3 2
0 0 11 4 2
0 0 11 5 1
0 0 11 6 2
0 0 11 7 1
0 0 11 8 1
0 0 11 9 2
0 0 11 10 2
0 0 11 11 1
0 0 11 12 1
0 0 11 13 2
0 0 11 14 2
0 0 11 15 2
0 0 11 16 2
0 0 11 17 2
0 0 11 18 1
0 0 11 19 2
0 0 11 20 1
0 0 11 21 1
0 0 11 22 1
0 0 11 23 1
0 0 11 24 1
0 0 11 25 2
0 0 11 26 1
0 0 11 27 1
0 0 11 28 2
0 0 11 29 1
0 0 12 1 1
0 0 12 2 2
0 0 12 3 1
0 0 12 4 2
0 0 12 5 1
0 0 12 6 2
0 0 12 7 2
0 0 12 8 1
0 0 12 10 3
0 0 12 11 2
0 0 12 12 2
0 0 12 13 1
0 0 12 14 2
0 0 12 15 1
0 0 12 16 2
0 0 12 17 2
0 0 12 18 1
0 0 12 19 2
0 0 12 20 2
0 0 12 21 2
0 0 12 22 2
0 0 12 23 2
0 0 12 24 2
0 0 12 25 1
0 0 12 26 1
0 0 12 27 1
0 0 12 28 1
0 0 12 29 1
0 0 12 30 1
0 0 13 2 2
0 0 13 3 2
0 0 13 4 1
0 0 13 5 1
0 0 13 6 2
0 0 13 7 1
0 0 13 8 2
0 0 13 9 1
0 0 13 10 2
0 0 13 11 1
0 0 13 12 2
0 0 13 13 1
0 0 13 14 1
0 0 13 15 2
0 0 13 16 2
0 0 13 17 1
0 0 13 18 1
0 0 13 19 2
0 0 13 20 1
0 0 13 21 2
0 0 13 22 2
0 0 13 23 1
0 0 13 24 2
0 0 13 25 2
0 0 13 26 1
0 0 13 27 2
0 0 14 0 1
0 0 14 1 2
0 0 14 2 1
0 0 14 3 2
0 0 14 4 2
0 0 14 5 2
0 0 14 6 1
0 0 14 7 2
0 0 14 8 3
0 0 14 9 2
0 0 14 10 2
0 0 14 11 2
0 0 14 12 1
0 0 14 13 1
0 0 14 14 2
0 0 14 15 3
0 0 14 16 1
0 0 14 17 1
0 0 14 18 2
0 0 14 19 1
0 0 14 20 2
0 0 14 21 2
0 0 14 22 1
0 0 14 23 2
0 0 14 24 1
0 0 14 25 3
0 0 14 26 2
0 0 14 27 1
0 0 14 28 1
0 0 15 1 2
0 0 15 2 2
0 0 15 3 1
0 0 15 5 1
0 0 15 6 2
0 0 15 7 2
0 0 15 8 1
0 0 15 9 2
0 0 15 10 1
0 0 15 11 2
0 0 15 12 2
0 0 15 13 2
0 0 15 14 2
0 0 15 15 2
0 0 15 16 1
0 0 15 17 2
0 0 15 18 2
0 0 15 19 1
0 0 15 20 2
0 0 15 21 2
0 0 15 22 2
0 0 15 23 2
0 0 15 24 1
0 0 15 25 2
0 0 15 26 2
0 0 15 27 1
0 0 15 28 2
0 0 15 29 2
0 0 15 30 1
0 0 16 2 1
0 0 16 3 2
0 0 16 4 2
0 0 16 5 1
0 0 16 6 1
0 0 16 7 1
0 0 16 8 2
0 0 16 9 2
0 0 16 10 2
0 0 16 11 1
0 0 16 13 1
0 0 16 14 2
0 0 16 15 2
0 0 16 16 1
0 0 16 17 2
0 0 16 18 1
0 0 16 19 1
0 0 16 20 2
0 0 16 21 1
0 0 16 22 1
0 0 16 23 1
0 0 16 24 1
0 0 16 25 1
0 0 16 26 2
0 0 16 27 1
0 0 16 30 2
0 0 17 5 2
0 0 17 8 2
0 0 17 9 2
0 0 17 10 1
0 0 17 11 2
0 0 17 12 2
0 0 17 13 1
0 0 17 14 1
0 0 17 15 1
0 0 17 16 3
0 0 17 17 1
0 0 17 18 1
0 0 17 19 2
0 0 17 20 1
0 0 17 21 2
0 0 17 22 2
0 0 17 23 1
0 0 17 24 1
0 0 17 25 2
0 0 17 26 1
0 0 17 27 2
0 0 17 28 2
0 0 17 29 1
0 0 17 30 1
0 0 17 31 3
0 0 18 5 1
0 0 18 6 1
0 0 18 7 2
0 0 18 8 1
0 0 18 9 3
0 0 18 10 2
0 0 18 11 2
0 0 18 12 2
0 0 18 13 2
0 0 18 14 2
0 0 18 15 1
0 0 18 16 2
0 0 18 17 2
0 0 18 18 1
0 0 18 19 2
0 0 18 20 2
0 0 18 21 1
0 0 18 22 1
0 0 18 23 2
0 0 18 24 2
0 0 18 25 2
0 0 18 26 1
0 0 18 27 2
0 0 18 28 2
0 0 18 29 2
0 0 19 4 2
0 0 19 5 2
0 0 19 7 1
0 0 19 8 1
0 0 19 9 1
0 0 19 10 2
0 0 19 11 1
0 0 19 12 1
0 0 19 13 1
0 0 19 14 2
0 0 19 15 1
0 0 19 16 1
0 0 19 17 2
0 0 19 18 1
0 0 19 19 1
0 0 19 20 1
0 0 19 21 2
0 0 19 22 2
0 0 19 23 1
0 0 19 24 2
0 0 19 25 2
0 0 19 26 1
0 0 19 27 1
0 0 19 29 1
0 0 19 30 3
0 0 20 3 1
0 0 20 4 2
0 0 20 5 1
0 0 20 6 2
0 0 20 7 1
0 0 20 8 1
0 0 20 9 2
0 0 20 10 1
0 0 20 11 2
0 0 20 12 1
0 0 20 13 2
0 0 20 14 1
0 0 20 15 2
0 0 20 16 2
0 0 20 17 1
0 0 20 18 2
0 0 20 19 2
0 0 20 20 1
0 0 20 21 1
0 0 20 22 1
0 0 20 23 2
0 0 20 24 2
0 0 20 25 1
0 0 20 26 2
0 0 20 27 2
0 0 21 3 2
0 0 21 4 3
0 0 21 5 2
0 0 21 6 1
0 0 21 7 2
0 0 21 8 2
0 0 21 9 2
0 0 21 10 1
0 0 21 11 1
0 0 21 12 2
0 0 21 13 2
0 0 21 14 2
0 0 21 15 1
0 0 21 16 2
0 0 21 17 2
0 0 21 18 1
0 0 21 19 2
0 0 21 20 2
0 0 21 21 2
0 0 21 22 2
0 0 21 23 1
0 0 21 24 2
0 0 21 25 1
0 0 21 26 1
0 0 22 0 1
0 0 22 1 1
0 0 22 3 2
0 0 22 4 1
0 0 22 5 1
0 0 22 6 1
0 0 22 7 2
0 0 22 8 1
0 0 22 9 2
0 0 22 10 2
0 0 22 11 1
0 0 22 12 2
0 0 22 13 3
0 0 22 14 1
0 0 22 15 2
0 0 22 16 1
0 0 22 17 2
0 0 22 18 2
0 0 22 19 2
0 0 22 20 1
0 0 22 21 1
0 0 22 22 2
0 0 22 23 2
0 0 22 24 3
0 0 22 25 2
0 0 23 1 1
0 0 23 2 2
0 0 23 3 1
0 0 23 5 1
0 0 23 6 2
0 0 23 7 1
0 0 23 8 2
0 0 23 9 2
0 0 23 10 1
0 0 23 11 2
0 0 23 12 1
0 0 23 14 1
0 0 23 15 1
0 0 23 16 2
0 0 23 17 2
0 0 23 18 1
0 0 23 19 1
0 0 23 20 1
0 0 23 21 2
0 0 23 22 1
0 0 23 23 2
0 0 23 24 2
0 0 23 25 1
0 0 23 26 1
0 0 24 3 1
0 0 24 4 1
0 0 24 5 2
0 0 24 6 2
0 0 24 7 2
0 0 24 8 2
0 0 24 9 2
0 0 24 10 2
0 0 24 11 2
0 0 24 15 2
0 0 24 16 2
0 0 24 17 1
0 0 24 18 2
0 0 24 19 2
0 0 24 21 2
0 0 24 22 2
0 0 24 23 3
0 0 24 26 2
0 0 25 2 1
0 0 25 3 1
0 0 25 4 1
0 0 25 5 2
0 0 25 6 1
0 0 25 8 3
0 0 25 9 2
0 0 25 10 1
0 0 25 16 1
0 0 25 17 2
0 0 25 18 1
0 0 25 19 1
0 0 25 22 1
0 0 25 23 2
0 0 25 24 2
0 0 25 25 1
0 0 25 26 1
0 0 26 3 1
0 0 26 4 2
0 0 26 5 1
0 0 26 7 1
0 0 26 8 2
0 0 26 9 1
0 0 26 16 3
0 0 26 17 2
0 0 26 19 2
0 0 26 25 2
0 0 27 7 3
0 0 27 15 1
0 0 27 16 2
0 0 27 17 1
0 0 27 18 1
0 0 27 19 1
0 0 27 24 1
0 0 27 25 1
0 0 28 15 3
0 0 28 18 1
0 0 28 24 1
